1451673310
038549081X
0451524934
0060850523
0385333846
0441013597
0593149092
0804172447
0307947300
031652719X
140007780X
0807083690
0316332895
1400078776
0307887448
0345404475
1538732181
1250123003
1451627297
0765382032
0553418025
0316229296
0316547603
0316129089
1101972122
0316334685
1481845705
0393355942
0345453743
1400079497
0316334715
038533348X
0316332852
0393341763
1940026229
0593098234
0316217646
1942658702
0812550706
0385333498
0307346617
0345418913
0316129062
155597788X
1250122961
1984819615
1101904240
0765362430
0441569595
0765386690
1250214998
153431346X
015603008X
0060853980
0345538986
0345457684
0316311294
0553380958
1101967021
1984819607
0316129070
0765356864
0547572484
0316229261
0593098242
1940026253
0345511298
0143131842
0553296124
0385721676
0307476464
0590846280
0316452505
194002627X
1796356301
0345511352
0345539834
1789870003
0553386794
0441478123
0441783589
1613743416
0374104093
1539930726
0316229245
0553293354
0425276236
1940026016
034553980X
0762493410
0553560719
0553564927
1101974494
1082472972
198480278X
153873219X
0060776099
0385334206
0425285936
0440000815
1451678193
1975383206
0345807294
1101884959
1419728555
055338256X
0143039946
076537675X
1451678185
1472263669
148142436X
1501167715
0765376717
0553448145
0593098250
1473204305
0804179050
0553381709
0743234901
1948465086
0765386631
031645253X
0345499778
0316491373
0449912558
0375507256
0440001358
0062334514
0345538994
055338595X
0553273817
1982111615
1416556966
0345457714
1501143824
0345477375
0316176494
1524797138
0618126996
0140185852
0380809060
1591430372
0061561797
1940026067
0345541324
0374104107
0345535413
0765378388
0765385252
0374537658
1785655620
1950435067
0425188809
0241983207
031242227X
0345477499
0062444131
0446603775
0316315303
0060544880
1534300414
0765357151
0593098269
1632157098
0345511395
1476764832
1501131427
0374104115
0345511573
0553283685
1414334907
0804137277
034551145X
0060741872
1101966998
0385333501
1524743461
1534308377
1789094011
0593098277
0061054887
0380788624
0804172315
0345498704
1101973137
1975385012
0312890176
0307950476
1497643074
1534313249
0316449431
1563897504
1501144820
1612183956
0385333870
6070762606
1935548662
1583226982
1501163418
074323491X
1949982904
080905101X
0385720955
1940026091
1787460649
0345511336
1975356993
140125151X
1681374145
0156027607
0345277600
0765379384
194998236X
1538714965
0142181277
0553277537
0446676101
0316334758
0345477642
0316262315
0765362449
0316371246
1505234514
1534413502
0425074811
1472835697
0345545052
1335998853
0316399620
0062259660
0316508586
1101885262
1982111631
0525562834
1949731251
1590177622
0762494344
0593128249
0743234928
1534303499
1984898108
1935548654
0316398373
0345529421
0553392905
0451457994
0262533286
B084DPVMP8
1940026148
0679740732
1616201932
1520126247
0553390570
0345478274
0547572174
1975383184
0345487133
0316193569
0553578855
0316339156
0812984668
0765319640
0345518594
0553560735
1501192221
0345483871
0307744590
055339147X
1477808701
0062569406
0553588966
0544838262
1607069318
0553288202
0765324644
1511757914
1607066920
1680680595
0544839641
110196698X
0593128400
1101947888
1250236606
1250123038
0385543786
1982139447
0525657215
1524759783
0785834206
110198693X
1984822136
1250313198
0679417397
059309932X
1945683694
0151010269
0593157680
152473201X
1250214750
0062889001
075641430X
1525836269
1472838831
1594746168
1452126410
0345539788
1250075580
1647100011
0425285944
1789990408
1982134038
1452133212
1534431004
0316272248
1501181416
1250122996
1534312218
1101870605
0385199570
1984820982
152474347X
0399178546
0374261172
1250313228
1451673264
0062473271
0316445010
0358164087
0375712364
0399182101
031636391X
1250213584
0593157664
1632150786
1250762847
1250229863
1984820044
1250214718
0385344449
1594650934
0593128427
0316363936
1598530496
0307593967
0374276803
1250195799
0143111604
1452102279
052548048X
1607103176
1646090004
1534439862
0316444987
0345539818
1643377329
0593128389
0385545118
0553103547
1419731335
1984821156
1250073022
1452170142
1452118159
125021615X
1452182353
1609809556
0380977273
1635573165
1950366138
0062336142
0618642676
1785943901
1598531573
1481459236
1785658328
1542005086
0765388979
1250228581
1684053293
0804137250
1784969036
0765387395
1784967769
1250297664
006295136X
1784968730
1784964417
195111101X
1975307860
1594747156
194914013X
1631403648
1631065025
1733959106
159606918X
0380973839
1858755328
1684050537
1616207930
1941758754
1524796808
1785654667
1684054214
141970947X
1733810501
0525522875
1950366022
0345511492
1598530445
1781088489
0374115249
0345511212
1785944746
1684051495
1534315829
1609530705
1598531506
0385540221
0525511229
0399587535
0765325594
0525619399
0857681540
1101966963
0525622136
0857683799
1400043395
0345504968
0803735332
0915368587
1452118140
034551162X
1984855352
1640092404
1982124415
0670024856
147283884X
0756414148
0756415748
148148396X
0316505412
087004124X
0358117607
194568352X
076538888X
1598535803
0385544960
1476716692
0380973847
1594650500
0345465547
0684833646
1596069406
1481483501
1534413499
1401271006
1975384733
1598535382
0345477634
0345511271
1632159031
1451627289
031639761X
1250256739
1101887273
0525619372
0553108034
0553106635
1250186927
0812997433
1538745828
1250122953
1598535099
0553808044
1250191785
030788743X
1631492632
1982113162
1984819062
0765389169
006245871X
0804139024
0316398861
0316398810
1250195527
075641427X
0345539842
0316398845
1598535374
1975308069
1481494953
1607104962
1250186439
0765377063
1624650449
1101904224
0544636341
1858755409
1250191858
1683839366
1645171310
1524796743
0395673461
0575081562
0007105088
0553391542
0316217581
0385353308
0735220743
0316449458
0765314614
1594747911
140129815X
0553801503
1250073030
1534314555
0544916085
178227376X
1858755301
159465106X
1613835051
1598530097
0808514571
0756415187
1984826786
1789505488
1632154307
142151883X
1524797111
1858755786
0143111574
1524745812
1681196638
0618253963
0765394863
1452145288
0593128982
0553801473
1945683651
0316547611
0143111590
1683835271
1789095255
1984821989
1940026210
0385312083
042528591X
1785944991
0316422045
1616551151
1534313451
1481494929
031633474X
1785658131
0241198771
1534303464
1594746370
1681193566
1538732963
0141393394
1984823795
1982124628
1598536354
1785943774
0385545479
1982124288
168383111X
0593085175
0060853964
0316332836
1789094798
198212475X
0399178856
1949102270
0143111620
0241348757
1982150718
0765397919
1641290862
1595827684
1534303340
1534310614
1335005102
039958756X
0871409496
0345528298
1612197981
0307269051
1452166315
0553448129
1940026156
0762464658
0151001634
185875576X
1647100038
1529124018
1481483978
0399178880
0765375648
0393039765
0760363811
0765394855
0765317583
1789092248
0062854674
1785654659
076537708X
159465901X
194568366X
1250224772
1858755220
1785658298
1250306140
1982124482
0316491349
1770411216
159474808X
1101965495
1631491342
060961097X
1684055849
1632155729
1984817434
1524743445
1858755395
0307346609
0544040546
0765377101
0812994167
0307593312
1940026288
1451621299
1982114762
0689206518
1785658263
0374308861
1250242754
024138270X
0547928254
0062351427
0062913190
0345511476
1944211705
1846770157
1684056403
1250297796
0575115343
0062190377
0765392100
1858755417
193905477X
1789544912
1405929987
1594651078
0062889362
0312864590
1949102378
1594748063
1982124768
1939130670
0804176612
1473205352
1943272344
0062916432
0765376733
0451499816
1784969850
1529124794
1631408720
1789991382
0385538235
1614040060
0345511530
0765376709
1982124210
1683830261
1534302433
1598530984
1780899904
1984806971
0062957732
0765379961
198211780X
0593156854
1609807197
0807083100
1620871823
069119694X
0062890638
1401254292
0670025038
1421532255
1940026164
0778309347
1524742414
1945683678
0380977265
1770412948
0810989581
0756415292
1324001631
1858755778
1631405403
0723294364
1401264913
0575090677
0345533046
1789991021
081299471X
159474985X
1789546117
1631400401
1250306027
1982124563
0385738773
1982122153
1250306035
1250210968
1472826612
0062853996
1250317843
1858755271
0553391518
1594748071
1476798648
152479631X
0857687441
1542040175
1598536036
8493176192
607070956X
1644730537
846666551X
0307951200
B084Z299Z6
6070709578
6070709616
8490707898
6070709624
1480217115
0307951219
1947783270
6070709608
1087033500
607072724X
8401022975
6070709594
849759682X
6077356697
0307473252
8499088171
8466660925
849872306X
6073177569
846634375X
6073159269
8416035830
8466343229
1652823646
1976957001
8433920081
0996858504
1467986259
0578606984
8420427470
1537083899
1545455791
8439730632
1947783556
8497931378
849070578X
8498723140
1078344817
1689687282
8420434671
0932367267
1942369190
6071608554
849070791X
0525563741
0997289007
9505819137
1720136904
1712325094
1950818217
849070788X
1090975104
6070743601
9685963819
8401020751
1691445401
1947783173
8491052550
1516987128
1087803284
8445003658
1097764370
1522077502
8445002929
1547507667
1544913990
8445073966
1078152667
6075270477
197378288X
1643342967
8499084001
1519267398
1678580708
8494567691
8445004832
1082105384
8416425035
8412119312
6079593300
1978069723
1075299624
8409017261
841756988X
1675649200
1086866185
1521583145
9877183102
8497593952
1640864148
8417014225
1533581665
8439726546
150016058X
8418034017
B084DHDP3H
8408165801
1522823875
1533105294
1517717701
8490705798
8416425027
1493569309
1728704707
8415831420
1696467799
1545352038
1983299502
B084DGWL9Z
8490707928
1719997357
1698476493
1689404965
8420672734
8433973703
1790713382
169489746X
1983127787
8490707901
1654927074
1973572699
169738143X
1079187251
1687796394
8417347011
1947783335
179681170X
1539151972
1947783742
1516976290
8491050892
8433902555
1688773428
6073166443
B084QBL75X
1690173068
1689406895
1720002762
6073160607
8484648583
8417347046
8416401985
8417347224
8466660860
9700770907
8417081186
8467508914
8466660852
8401021561
8498016851
8466662405
8420434191
8491292675
8469806467
846665805X
8417507280
1984566423
1506507328
0274219190
0265624975
9569544821
8496822648
849146901X
8448034333
8445004816
8445004689
8445003763
8417492062
8416816727
8416767491
8416507813
8416420262
8415921683
1988440254
1847995330
1617648957
1514450429
1506517064
150651443X
1506510663
1506509363
1506507395
1506505899
1483441172
1466930373
1463397453
146339330X
1463392982
1463392516
1463389078
1463386354
1463341660
1463329946
1463323220
1463310013
1387187910
1326983148
1326935593
1326209590
1326198351
131217417X
1312040157
1304991652
1304985040
1304974219
1304974197
1304946991
1291807578
1291807535
129108441X
0359063713
1942351054
1421561328
1506711987
1421590565
1506711995
1585429201
1421579154
1250153719
1401294057
1401238963
1465453571
1632367114
1585429228
1683834372
1465474757
1684153433
1506700136
1506701957
1401284124
1506702163
1506702023
1506715478
1631408461
1632366428
1368018734
1401210821
140127644X
1534313605
1401285384
0316360163
1632157284
1401294200
1401294197
0316360643
031636018X
1506715486
1593079109
1606998870
1401284620
1401270727
1401272940
1682153401
1632365987
0316360651
1534302204
031650162X
1401279597
0316360732
1401210856
1401207138
1534308571
031636066X
1484727819
1560100842
1401280471
140122427X
0316501646
0316360716
0316360724
1593079893
1401295215
140121083X
1401295452
1506703631
031650176X
0316501689
1401278876
1401271324
1718350503
1401259103
1401210848
1401204260
1302911848
1401256910
1401288669
1506703216
1401280358
1632368668
1421585871
1401291880
1401295576
1974702642
140128521X
1620104393
1401285473
1632365995
1620105942
1401229174
1401243797
1506710646
140128597X
1401235484
1974710572
1779500955
1401294596
1401228798
1632367513
140127370X
162010413X
1785866613
1401280420
1974707903
1401273688
1506710670
1401255213
1632366029
1683837444
1423165691
1401293433
1401228410
1401274595
1401255124
1401276083
1632159155
1401274560
1401251242
1401235182
1401233147
1401274951
1401272398
1401273750
1779502338
1945205202
1421593122
1631408739
1608876144
1401261469
1632155036
1534306307
1682153487
140128065X
1506703208
1401281680
1401295150
1401285538
1401270344
1401284817
1401264492
1682153347
1606996339
1534310258
1401265251
1632154927
1401258263
1401247636
1401271588
1401278574
1401290213
1401277640
1534308628
1401269052
1401242790
1452144877
1401284515
1484745353
1401251226
1620105241
1401285376
1401286534
1592912931
1606994964
1684054893
1613770626
1682153207
1368042074
1401289355
1401268153
1401251218
1401289215
1607068141
140123724X
1401285678
1401284205
1401278426
1401265197
1401278922
0985447397
1401290221
140022036X
194906106X
1945540168
1533338574
1644730065
1689613025
849070452X
1625093454
9562914348
1941999514
1644730057
3850681254
1947783424
6070721977
1518720374
1947783459
0307275299
6070755626
1644730081
0525567143
8484455114
1973222086
6075276912
6070732588
8425353947
8441437866
1501155024
0307949095
1501192043
8417030050
1941999867
6070709659
6071104807
1945540176
080107603X
1688543503
8416076219
1713383802
8415577095
8403102054
1533000042
0718085248
1501104918
1949061523
6075500502
8499085512
1949061612
8490322503
1941999859
1621368335
1501168282
B0858S8M62
840917748X
6073164882
6073183410
0757301363
1945540338
1726458962
1941999468
194906168X
8472453715
1790427673
1092615482
0804169527
1676711066
620214713X
841607688X
6077723622
8497778294
1640864776
1591846447
1593279280
0545231515
1604382058
1942788290
1449373321
1593279922
1984818341
0465050654
1544180926
1683504585
1702741567
160438204X
1942788339
B083XVYPDT
0988263408
1593279507
1670832244
1699362955
1537713949
1087467500
0465026567
1501152017
1789955106
1491973897
1603580557
0393339750
1788478126
0932551467
1093757620
1119282713
0735611319
1976182190
1640854622
0061478784
152477006X
1593279183
1681981947
0553418831
1593278551
154480864X
1250146550
1250118360
1491919531
1568989695
1647131022
172723667X
1608682846
149197172X
1541758005
1119471605
1980901759
0452295831
1599185059
1544511817
0997316020
1593275994
0143129023
0596804172
1712354884
0806538856
1101970316
1772940364
1507205333
1539598144
1609619838
1530051126
067179437X
0071849211
1718500440
0062390864
1730746438
0316069884
1946755761
1733108505
197648071X
1712986856
0596159900
076369276X
1775062120
0882848232
1090933193
099971550X
1641521759
073903216X
0062959727
1449340377
0525538968
1645020096
1946755788
1946755893
1549617214
1449476058
0999308424
1501127624
149197379X
1688409815
1593278888
1916081606
1983887021
1400214963
1091493898
179279603X
0062651234
1789807352
0262537559
1796686077
0385495323
1946755478
1721400079
1641526769
1593279841
0692873953
1119416876
1974431479
1520807635
159869989X
1630470171
1704967805
1947814982
0358108470
1789804531
0977616649
0743222091
1593278276
0882848283
1681984326
1977000428
0578528150
1519064497
0596009763
1977882331
1789532051
1788839528
0739009273
1692746057
1788295862
194675580X
0882848291
1696249864
1484253876
0321985206
1710375264
0998289027
0767919475
1681984288
1890774979
0124202314
1601591136
1591846285
0465094279
0316037729
1119348978
1593278268
0997744162
1946755656
1798114992
1731039662
1839214678
1654414018
1501155555
1681983702
396730017X
0882848305
1946755842
0060007737
1939447720
1943591075
1416507787
1706342667
1982109661
1400203791
0718033329
1911015486
0735213151
1119144752
1612197493
1942788762
1683833988
0374278016
1621575764
1506710107
1982122668
1610395697
150670638X
0525536515
178909156X
1946885371
1633697622
0062915037
0544668251
1506710115
1616550414
1634506987
1604382066
1984856464
0385544405
0674987551
132854639X
046509760X
1506703356
168383397X
006227306X
1506715540
1440595135
0316525243
0593129601
1616554827
1631061941
1789093619
0374279756
160887804X
1506708978
0062674676
1541618513
0316497320
1948122480
1506715559
1451648537
1119473861
3030239217
1101966343
3869930942
1455554790
1683835883
0374194335
1524797227
0399182020
0525558616
1506706622
1506708013
1616558458
1101966424
1506706444
1250173515
1506713513
1119477387
1506712630
1506713742
1633695670
1945683953
177294100X
1624870600
1506713750
1523087617
1506713521
0374257833
0061914177
1616558474
150670574X
0262043874
0465094627
1785651188
1616558466
1785653636
1491953608
1506708331
1593277431
1101966386
3869930896
150671031X
146548180X
0262042886
1732265194
1524797162
1949709469
161655164X
1524797235
1984820869
1465482210
1423107667
1772941123
0735216959
0190948205
0062936670
1785654314
1506703674
1400063515
0262039257
1593278217
1633691667
1616559381
0961392177
0399590412
0807033456
0262201623
1506705405
3832732314
1598534807
0307268195
0345548981
0374279799
1538109662
149621465X
1781319065
1439189048
1524575828
0981636802
178531386X
1909534811
022613640X
0374123772
0578513978
1633939723
1909534706
8493795461
1472949110
0733339875
0802128327
1909534609
1463439601
0942257936
9492677504
0313331650
0977727009
0805035435
0062936824
0061242993
1510733639
0470190620
1781316945
2503522734
9491376586
1613218303
1984541919
1909534919
1600781578
8862086423
151071653X
1909534730
1510706283
022637128X
0062354523
1501133934
0803288115
1419733281
1510727450
0803296932
1909534854
1462874606
1796075019
1572437790
1613217153
0815608187
3981539206
1524503134
1515417085
0313332991
1851243186
1781313954
177085293X
1543937551
1942934440
1937559823
0803220413
3958292801
1581821492
9351362639
1514420929
1906954178
1640483284
0517587580
1950864715
1161456775
1161438882
0985112557
1785313606
0942257685
1497839092
148365477X
1437378285
1436357322
1258596172
125853259X
1120797640
1120362857
1104150859
0962418242
0548365393
0548348529
B083XVYZG1
8494785141
8409168200
1514282267
1521096929
843973123X
151174801X
1619842556
1508874549
8416068143
1519571712
1517465001
150085185X
1496128362
B0848TNTMQ
B0841KM7V2
B0841JQHWF
B083XWMB1Z
B083XWM7BW
0679778314
0307388409
1450400515
067188400X
1401310923
1510730532
164152846X
0374538026
1492504130
1492519332
1797637525
0814436226
1942597037
1514729717
1937559742
1592336159
0374515263
1733862714
1502392631
1684030218
1450459927
146343961X
1733026878
0989186210
1533430969
1558708448
1523638516
1492590584
1633939707
1542493544
1908724757
1492177083
0547336942
1986433110
1533116571
147670421X
1523255935
1522874569
1517216176
1937559920
1469622033
908149287X
1690859954
150068936X
1578266327
1796213136
1494208385
1510730710
1633843823
1629370878
1720261202
1937559491
1975692292
0071437177
0316105171
3907126114
0307390314
1795017015
1090612729
1600788297
B0849XP3MP
1937559386
1986932141
0692756396
1450489435
030738330X
1533014914
0345386817
1794594736
1981617191
1937559912
1932549579
1519284985
0060982004
1512346772
030739395X
8409168529
197619833X
0692224122
1721272240
174334063X
0061243000
1250234921
1797721623
1795768746
1980446865
B084QLM63N
1699883564
1693364743
141204202X
1942597010
1519296827
B0851M8FN4
1462874592
0998309702
1505585465
1587900661
0615205631
1491773294
147292262X
069217933X
1641873108
1519274149
1450424538
0942257626
0751534218
B084Z6BYY4
0972275975
0615513816
148398902X
1539958256
1796074993
1570281238
1794526293
0787943800
1494397463
1089883323
1978025750
0982949960
0143784242
0972275932
1790738156
B084DFYKG1
1539985652
1942597045
0062009850
098226254X
107027416X
0615201431
1976596130
0486433579
9934871165
0996533613
1501050419
1543080014
1070866709
1932421157
1798768968
1781333807
1408113309
1983363294
1543971466
1581823746
1933794240
1489512160
193755936X
1932421173
1482383284
1500385522
1522066926
1987432711
1937559645
1675404666
1651168946
1705782787
1461132800
0972275959
151925721X
150057922X
1798552612
178606460X
1096502925
1483565742
1541233808
0692509933
0736064192
1077154585
006156060X
1725676257
1717020674
1787390705
1731007027
1794310924
108116591X
1932421114
1985159848
B084DHWQRF
0743273567
0807014273
0618706410
0316769177
0385474547
0375725601
1400033411
0345350685
059035342X
0679745580
0786838655
0307387895
037571457X
0679732764
014242417X
0307279189
1400078431
0439023521
0553380168
0394720245
159448192X
0374531269
1451626657
1400031702
0307389731
0307588378
0679785892
0743270754
0061577073
0143038583
1594483299
0618640150
0375714367
0679775439
0393324818
0316776963
039592720X
068484267X
0312427735
0061565318
0061146307
0812983580
0143035746
0812976533
0553213458
1400030846
0312427565
0307743659
0375725784
0061787426
0312421273
0679756450
0394757688
034536676X
0486415864
055321392X
0440238137
0199535566
0140361227
0312367554
0451530888
0060254920
0061124958
0060775858
1592407331
1400064163
0307594009
0393061310
0060291699
0525478817
0679600213
0061958271
0763622427
0544336267
0156027321
0440419395
0375867937
078685197X
0375826696
1481430130
0062572237
0440418321
1421579243
0958578346
038574238X
0385730586
0385754728
0061969575
0199537151
038538520X
1442403012
0156031191
0385752164
1845767578
0156033232
0156011603
0345533429
1401224695
0310318890
0802142532
1250054222
0307955885
0385754302
0061470848
1568589549
044022859X
1501106422
1421578565
1401269060
1476706948
1484706676
0802144349
1594481938
0802136923
1936182572
0849922070
1476778388
1401256988
1442435704
1935639536
1481429426
1481428934
1481428713
1421576821
0767903277
0802144691
0199564094
0801874505
0553418130
0762782331
1564781798
0857686070
1476745404
0762796839
141658563X
1936661748
1613749090
1937856364
1891830872
0857683365
0762791977
1583229108
085768339X
147676588X
1451628145
0385751834
0802143415
0062293109
0199541892
0857683403
0099564335
0857683357
1421576848
0375835334
1481427881
0762782323
1421409534
125004510X
0762782250
1842439545
1421576929
1439190631
1476711127
1935639765
1416955070
1939529921
073643531X
0061998664
0449819604
1935259237
1842439375
0544422848
0985294809
0099564343
0062315609
1433684829
0762788372
1416957952
1609805577
184749322X
0062236865
0099553856
0385302304
1416914285
1608873145
0062345214
1782761330
1476766231
1845765192
0062265687
0804139571
0062265709
0857686887
1608197107
0762782811
1481428993
1484721020
0847842908
0762778377
1937856747
0849948533
0762783095
1481419153
1421402262
1484781279
1476767343
076278055X
1580933572
0847843009
0762786981
0451234448
0451414055
8494928538
8491602593
1250153298
0847843440
1844039692
0190056657
0811826848
0793518326
0374169942
1644280272
1629377597
0385231261
1433149486
1788400577
0600635619
0306903288
0470289066
1401307450
0743244583
0847835898
1625341628
1912332469
1598535315
1476886792
0751542776
1782439749
0312581785
0879722592
0571328571
0679730613
0062463691
1576874818
1859843689
0061473081
0142196940
0810862042
0603577148
142341442X
0062206079
0393342948
1439192413
029271999X
1925418804
019975697X
1540230600
1590792904
1556525893
1473665884
1626192391
6167339074
1844088685
0313280053
0879309431
0812974689
1847175864
1451613954
0826521754
0061944866
1440863768
0898201756
160473244X
144227929X
1556528213
1617136522
0199764905
0313358060
038080624X
1574670441
1780386974
0306800977
030798575X
0306815648
1600780490
1937994252
1474607403
0807157988
1781790957
0313284687
0195111109
0884864359
0062271792
0857752766
0313338116
0306812819
0810884496
0767926889
1476779465
0674661966
022660473X
9197271233
0199913943
0747531455
0517586509
0743428234
9063692889
178739087X
1787391876
080615604X
0313349061
0593078713
0857687255
0471469645
0571219233
0307353389
1999678702
1595581189
0762463694
1440832153
1592404634
0815410506
0313246548
0199939918
031336558X
1854432648
1780975635
0313341419
0275938492
0195314077
1594634092
0879309547
1416585982
0826519792
0826457029
0340933208
1845433254
0822362023
0312063245
1938905229
0788167588
8416192006
9877182831
8497777700
841623308X
8416192553
8416344248
8441436320
8497776291
8417305602
9877182823
8497775201
8497775236
8499174817
849777972X
8497774760
1647480051
1504379861
1647485452
1468542648
1140014307
9588391539
8484451143
8441437688
1073385272
1076535771
1544225792
8478088679
8497778367
8484453669
841607626X
1980930899
8409002337
1520132891
8497777352
B084DM27FF
6073176880
8441438323
8441437432
8497778715
1098549112
8441436525
1713027038
8491111301
195092274X
B084DHDK2G
B084YLK2YJ
6074151814
1501120212
1500537047
1707067414
8441405433
847808861X
9871257163
1523470534
8478088520
1492307173
B083XVG3TW
1655173634
8491113126
8441433976
9801249978
8416579725
1530846080
6074151733
1884238424
8478088598
1985798816
1711797200
1074583973
607315304X
1597721646
1792760272
841623387X
8416233683
8415968671
1070850322
1980633428
1794161384
1670879135
8491113797
1530115973
1791567150
1697913814
8497776496
8497777506
1076555446
1502765128
8441434476
8478088199
151979794X
1508555451
1466288027
8478085742
1079122265
9706669485
849273213X
1530229774
1105948250
1644619040
8478084061
1092126902
1506119875
1980796378
9706272488
8441430578
9806276655
1533423202
1708430725
1999400836
8478086323
1691795267
1728988217
1493684132
1504378512
1095811320
1691814989
1096166054
1502764857
1490957219
0979240859
1076451926
1646991303
8496595307
8491112561
B07QQLCZY1
B07MV8SWZF
B07R29FDQD
B007978NPG
B07PRXT94R
B07NKP3JL4
B07R3QYGHY
B0192CTMYG
B007978PKY
0829757864
1984831267
0829719806
8420412147
0829720030
0829768084
0829714103
1602552959
0829767614
8416147442
1602559171
1439132321
0829746277
0789917866
0341171565
1684117399
0829751262
8482673513
0899423213
1455570176
1404111506
9681669894
1465478698
B082DZ9FJR
0829768068
0341120685
8420438170
1602559708
1602552991
8482674102
0718092554
8498018218
1455541028
8494918265
1465460888
0829768912
8483067447
8420479780
1948131293
082976707X
0829743561
0311030599
1946885843
8484881105
0311030602
1465486720
8426403433
8497775430
1602553009
0718096924
6075273239
1465460187
6071657113
1404108661
1602553017
0718092546
1465482873
8482675443
1680525697
1945540826
0997419903
8478086080
0307474720
1535598093
1984898027
9562913813
1616264160
0881137863
164473009X
0385479840
1947783777
0525562443
1602554196
6185174065
0829763783
6077472476
6070757130
6070733932
0385721234
1602559392
0679755268
1949061493
6070741048
1455560219
8499926223
1602551111
1949238334
1512150878
0892437715
1644730839
1684117380
0525433473
1400034957
173431771X
1511769750
1520801947
0789922657
052543657X
0829767851
1644731045
1602553688
0789914093
1533390207
1984899171
1451683774
1609414055
8426406947
0998958069
6070748352
1537638335
6073185855
1734501413
0789910837
1729126340
0618226168
6073180926
1949633012
1935170007
1507840780
1596141077
0525565884
1945540451
0789922665
159979439X
8497775767
0829713727
052556652X
1947783416
1945540230
6073156030
1945540834
1521577269
1629987875
6077478261
607747228X
9706660712
149931910X
8482673505
B084DH67KM
1949061000
194543466X
9945921312
1798400391
1941999581
0789920956
8417108165
6070747402
9588391547
8427901283
1418599360
1683225090
8420426407
6071136911
160255787X
1652248765
6073176511
8496595145
1496436768
0307950921
0525433570
1775396916
607400577X
0895558785
8466333843
8420674176
6070745647
6073133561
8429172351
1101872233
1539367118
8415969473
6073149840
1644730677
1568585454
8466348891
1476745420
1585160784
B085DLP15G
841801847X
1520878974
0525433635
0307951189
1794583041
1645200558
1941999875
0978642619
1985159023
1616058552
1653455047
0881137162
0829743863
1794187219
1949061604
1977868487
0764801554
1940556023
3659040169
0825410606
8492865067
0829728848
1418598062
8497729498
1726722627
151203391X
133833123X
1947783254
078991929X
1791884180
9878619095
1622632028
6070746716
1143494245
6073149263
152100434X
1941802605
8499084486
1789330025
1462527906
9681668308
0345807049
1539585778
1546502327
082975265X
9585564181
0679768041
8416029687
1949061418
8441435936
8496627268
8437613817
8498386276
0829763635
8479539038
1730715095
8425355869
082975542X
1977504884
1641230118
8482675028
B0851MXGDC
1796888508
6077477605
1775396975
0789920018
1517709075
1602554382
841657992X
1922301914
8415579705
8416665265
8448847857
1922301965
8498385652
8415579713
8415579721
8469836447
841557973X
8417273026
849415494X
8441539189
8416700206
8480194707
8492891041
6073173776
B00JWSHCSO
8466660682
B0829K9M1X
1463384653
3848478811
848019717X
8480193875
1950638030
B01MA2A34W
1646940121
843231255X
1944407340
B085HQVGH9
6073144504
B085K7P9FG
8496886352
9563001990
1539133788
9872810508
1985837765
171162134X
1520949901
1517458064
1496585909
1792796048
1688496920
1631139738
232219302X
1708803254
1718764987
8494418386
1702528693
1679612646
1519311249
1712309196
197679661X
6073180993
1978069715
B085DTG4QX
9873979883
1519571291
172051576X
8873044352
1530429102
1721046585
1689715790
8495883201
1795840978
8498233429
9873979433
1980217688
1694372944
1679218069
1729645089
1945287381
0451468457
987397962X
B08422TLYH
6200358540
1728745667
8409192535
8499918778
B077P2LVNM
1539094707
1519567987
8480191619
1973340356
1719235090
1987791053
8487520901
8413388627
8480190604
1720516960
841796469X
B07FRF1C78
171938486X
8492452528
B07C1CGV48
987397928X
8496650103
1519746229
6072913342
B07PN6QL8D
6200036853
8417672397
8499086969
1723276642
1537786016
1519707886
1545328897
8498230926
6073167261
1537161881
8487520952
0997321865
846830168X
1677276622
1980968004
1549542567
1981414789
1981414711
1981414630
1981414428
1981414274
1981414134
1981413979
1727753933
1709474602
B07Y1ZD8DP
1712309285
1712309269
1712309234
1707277311
6070703421
1712141996
8480191740
841331108X
1070522600
152377696X
1523669578
1519314329
1517402743
1511950641
1511791829
8487520669
1456586084
1453878572
8413046157
B084P2466G
1702141268
8415523742
1724674331
1792928106
6139405963
179198858X
8498238307
1644731509
B083XTGMWG
1989626785
B083XVFNPF
1713483432
8498386993
1417729872
1713481464
1655548530
1679362178
1949061671
1660101050
1711543918
1711548049
0307472590
1675201935
1989626726
B084QKHWW4
1677929251
B084YWSKYR
B084GG8Z17
B0857DVB24
1989626424
1989629725
1989629733
B0851MBSJW
1654005169
1661907644
1654007676
1654007846
0718096711
6073175736
8498388015
8498389070
B0858VRVTN
1607963302
B0857CG12L
1530863902
1502529718
9275115486
1523328215
1594651213
6139449618
1697350828
1478225459
B003TSEFR4
3659882402
3659637947
1298993857
1377164098
6139992435
3960671008
3960670532
3659280518
3640211588
3337895980
1937178846
B003YKFQN4
1168446724
1512425303
9353975190
B084T2WJJY
150538060X
1524743410
B084DNWD97
1420943405
1501181254
1501181246
B085KJS85L
1912975661
1975936760
1442490977
0991607074
0691192065
0691166838
1543049745
1734253002
1720002894
0988982048
0963974726
B084QL33C7
0988715392
1594485372
1948174383
8490628726
1973337037
0595391192
1434291820
1434241653
1949511197
1507208901
0300251785
8494616684
1101996404
1328745627
1088593674
1510756299
0399588191
0399588175
0789213532
0998030791
0451468759
1541144244
0692927999
8416517053
1974634116
0393635112
1797453092
1922300748
1949511154
1541397940
1626346380
1625505663
0545791340
1782551042
0143130749
1408898659
1408868377
0593104374
0525534962
1568589190
0590353403
1075288959
B0851LL4RS
1419738593
1532180241
1472240197
1683993039
1683993020
098969772X
1449580823
1787391264
1719900388
0545790352
1633696308
1677785829
1118510666
0140568093
0439784549
1099728088
069284838X
3963267771
3963267704
1544512791
0692705465
195105606X
0071395970
1770414622
043935806X
0439136350
0061978051
1338157868
1328575497
1328960013
1945893125
1936681331
1944565256
1732451613
1732451605
1328780961
1070652342
3845405198
1537010344
0578411725
1538348845
0545791324
1526609207
0316475130
1426220650
1615192417
0736979328
1474606253
1474606245
0147515688
039917382X
1704807409
1426320973
1591843472
1916404391
1426334451
1947243829
1635650569
8857240959
150113390X
1501133918
1539497550
1910491373
1944565280
0399580433
1892882116
076368905X
0606391118
1951056167
1938591097
0439064864
1600785603
0307389839
0553522779
1734307307
0544868137
1492653276
0966234146
0606390448
1910515752
0679847367
1944565264
0812987071
1948226227
1087817773
1910491349
0761189130
1523500689
1732360308
1503939111
0763642843
0606085475
1492644846
0606405178
0152057803
015201246X
1538714833
0439139597
1568589573
B0851KXKM9
1450424570
1655552317
1601428871
1601428855
042528946X
0425289451
0515158186
0606408932
1335424695
1568587848
1950209148
1416949623
1684460905
B0851MXGF4
1572245751
1250217709
1654264997
1607749785
1480236462
0544935209
0544107713
1408158809
1623709229
1623700000
1623365627
1568585969
0062997165
0062978209
1674791186
0312384874
1568587856
0979735068
1508883955
1623709245
147956527X
1623702984
1472947177
1912526697
1465491058
0736095691
0451532457
0451532473
1529404940
0393356779
0393292207
1944565248
1616209704
0760340501
1798862042
1799038939
1599951681
0062443577
0306824213
1635766788
1786031582
1711828815
1984836781
1433643103
1543591922
1496657829
1683583752
1951025180
1623807972
1593593147
1481485814
1910491314
1925952312
0894803123
849910021X
8499100163
1619842467
1592280838
1523921021
154780002X
1503309606
0446676780
1539644340
0399557288
0813064279
0813062551
0995234027
0995234051
1944565191
1944565175
1594748020
1076602363
1937943240
1910491322
1910491063
8891821810
1089883188
1785039784
0062803948
1938093410
1657363937
0753473909
1983440442
0310352061
1944565094
0345465245
0843183535
1623709237
1479551864
1623701066
0736979301
1721879536
193794347X
1502652862
1910491268
1098909542
1788702050
1944565140
0399542612
0606413235
1781317844
1409126951
1409144453
1082591297
147367025X
1477820809
0843172851
1074762843
0735210470
1674482442
1732761213
1472143329
1911121626
1626549206
1626549370
1711249629
1730942032
0062422731
014313387X
0578524201
1640970541
1594485860
1471158292
1484746422
1999209508
1728322855
1951492048
1911613332
1724993933
0525514880
0847867188
1910491152
1910491292
1984837281
1910491039
0545804523
0545804515
1787281396
0471773816
1592406602
0545907616
0545902142
1702072398
076790169X
1787290409
1680202626
1683300785
0815727240
0815726511
1572842660
1916028713
B0849ZVLC2
1473649951
1536202959
0763666491
1700548859
1912079232
8492921986
0241404142
1982110562
1501181009
1501180983
1982127791
1501182099
0345806786
0385121679
1982103523
0345806794
0385007515
1982102314
1982102322
1501143484
0606412190
1501192264
0743210891
1982131802
1476727651
1501177222
1501143107
0606395687
1982136073
1501192272
1501192256
1789091551
1786361884
0307743640
0385129912
1501192205
1501192310
0606412239
1501147412
1501197959
1501111671
1501144227
1501143514
1501182102
1982103531
1501143506
1501197940
1501190377
1501129740
0593082214
150114426X
060638930X
150116340X
1501198890
1982102497
198211598X
1982112395
1501144502
1501192248
1501166220
1444707825
1501190369
1781162646
1783295325
1439170983
1501195913
1476770395
0606408266
1439148503
1982115424
1501144189
1501144529
1982115440
1501197657
0606412743
1501138251
1501147420
1501192280
1476754470
1476754454
1501143492
1501144510
1587675706
1501144286
1501192302
1982136057
1444723537
1501144200
1501142062
1501144278
1982139722
1587677318
1982123168
145169492X
1982110201
1982109009
1432866664
1501143530
0606391630
0578453045
067103264X
1982135298
1501143549
0606391649
0061969052
0141398876
0525566651
0345535529
1250256216
1949980065
1250251516
1539037134
107269879X
1250256267
1534310231
0316497541
0316029181
194760760X
1721621571
0765356856
0425273504
1250175208
0804136572
B0848T32TK
0785837353
1101887486
0996436812
0996436804
0425212068
0786966831
0765344947
0345466462
0312537891
1524858161
1634099060
0452294754
0425272826
0143039504
0986223514
0986223506
1524705934
1076673821
1524705926
1683960726
144949322X
0515142360
0008328927
0062073478
0062073486
1709479663
1514330954
1617757179
179325513X
1683222393
0312947461
0765377403
1524851450
1692067095
0147508770
0312947445
0778330761
0778307956
1699886415
1097382249
1790943299
0765370131
0312947453
1942504403
0399576606
0395489318
1660817668
0593082168
1505381711
1945054484
1534680748
1950921182
1548721476
1405293772
1544048211
B085DTG4T7
1072227916
1540479293
B0848WTSWR
0062073192
0061706620
1489554246
1973710307
1942993889
1699281017
0578540347
0997869151
1686371624
0316525758
1595827692
160887186X
1783449306
1698493371
0998085413
152271541X
198945819X
0446194050
1479114839
1509825363
0451531183
0996189076
1621052672
0345805224
169992645X
0062095870
0316438987
031602919X
1683441249
1600109535
1687241333
171983282X
1607060760
1098842758
0312850093
076533433X
125025146X
0316561134
0996836454
0618645616
1946592137
1982111003
1947194488
0448443015
1083076272
141970009X
1419700103
0316219134
0316561118
1534830456
1718166567
0345340248
031286860X
0765374714
0812575717
1537665723
B084QLMQTV
1489565779
1689505273
1515176061
150048993X
0995116369
1081181249
0425157628
1783298561
1540619397
0062420704
0099419785
1912628945
1912628104
0606238220
1454902493
1393615155
1421579251
0786966882
0525427341
0241248760
1250246784
1783293225
0525538232
0593171683
0241382726
0786966629
0375851569
0060598247
0066238501
0316536466
159853565X
1626863199
0345539869
0375871284
1598533193
0762459433
159853551X
1598530763
0800735870
0811856577
1730905897
055321313X
1598532502
1598535129
1465492119
0525948929
0452011876
0451191145
0762469420
1788283392
1985042274
1933859148
1502839679
1598534556
0743216393
0345529197
0440423252
1598532189
1598535579
0141198419
1694018431
1684126339
1617756237
1789505496
1598535285
1598531638
0007149158
1949090264
1598532073
0440423236
1598536109
1598535188
0142414972
1250120896
125012090X
1328905144
0994096062
1988091020
1621576590
1988091330
1988091314
0765326361
1250166535
0765365286
0446556157
0446556149
0670022411
0143119680
031621762X
0679417389
0486414159
0307961486
161218555X
0684833670
0805016325
1250020247
0312939000
1250166543
0688084923
0446602213
0446610178
0446357421
0006479677
0007165161
0446613657
0062107119
0062073451
0446356832
0446350109
0062304062
0062416693
0446364762
0446607207
1478772743
0446354732
1478948388
1478948396
1478948418
147894840X
0006178693
0446354678
0062344072
0062304038
0446357448
0446356573
1722349298
0446604089
006210456X
006172839X
0446363669
0061728314
006222302X
006207346X
1478948434
1478948426
0007228287
0446341916
1564783545
0983006261
1982144270
0008229686
1592135641
1515176460
1679416324
022604310X
1704653681
1709487569
1710132779
0692082816
1710117524
1438201265
125000909X
0312429002
0312428952
0140178139
0312429827
0312428510
0140231900
0571210708
0312263996
0802118178
1982102837
0802118186
1598532782
1598531492
0312421001
0312429010
0312426291
0805081453
0140131558
0312427034
0140097058
0143039830
0143112228
1250206294
1250160014
0140097317
0140115854
031261067X
0312428944
0140154078
0312423608
0394717481
0312422326
0385544189
0525639381
1101967676
1101967684
0385337930
034553204X
0525556265
0385339585
0345531965
0385339593
0345531981
0385544154
1984819585
0525620931
0385342926
0345532023
0345532007
0553393618
0345543246
0345543254
0385339666
044024594X
0385339682
0440246024
0345534557
0440245117
0385541171
1101967706
1524798843
0345536886
034553056X
0385424736
0385339607
0345531930
0385339674
0345531973
0385339658
034553199X
0553386816
0440246210
0345532058
0345531957
0385508417
0440422965
0385416342
0440245923
0099537087
0345531922
1524797146
1524797154
0385340915
0345532015
0440245958
0345536649
0345541332
0385339704
0440245931
0345545338
0345530578
1101967668
0553393480
0385339690
0345531949
0385470819
0099537036
0440245915
0345525728
0440243823
0525426388
014751018X
161039691X
1541774051
0525423842
1984816535
0385511612
0385340877
0345532031
0147510198
0316426067
0525536612
0316526886
0142423092
1416595236
0525425764
014242613X
1642932965
1732934649
1451645139
0525425578
0142421375
1780899521
0316420271
0316494011
1538761602
1982135115
0399593543
0062207385
0062207547
1409186040
1451677413
1476793727
0316484806
1538731754
1538731762
1476793212
1626365520
1538701146
0446539686
1501199013
1501101730
0525435816
1474610986
1455524174
1538700018
1503936198
1503954005
1476798494
0316519103
0316454109
0316420298
8417773916
1982129700
006287067X
0062797158
1538750562
1538750589
0312642369
031238033X
0316420263
1787461734
1538731606
145558178X
1455502626
1501176870
1501176897
1476793700
1538714957
1538714914
1538714949
1476793247
1501115731
150111574X
0316412694
1538713837
147676428X
1455581852
0446617776
0062400134
1780899963
1538715449
1943818916
1943818991
147671035X
1476793719
071818548X
1405928565
1250120438
0316529664
1455559806
1476793182
0062391267
1733821228
1733821201
0316273988
1538713780
1538713861
1538730804
1538713896
153871390X
1455516007
145551599X
1503951820
1503951812
1538761572
153876153X
1984898264
1546082980
0593128346
1538715414
140592568X
0062834827
0062834940
0062835068
1101910763
1469618931
6073112068
8490327378
6073113803
0525433341
1481418351
1481418343
1780899815
1101873132
110187225X
0578472309
0578497336
0156029839
0593152239
8490324344
1101981636
0307742482
6073159161
6073121016
1538714868
1682898083
0316458244
1434455335
1434455327
136215282X
1987620666
0525538437
198681212X
1538700050
1538731576
1538731630
137726016X
0451472578
0451472586
1455585335
1455585343
1455585149
1455585157
1274820790
153871387X
1538713802
1910254177
1442242426
0313305358
1598535846
0252084950
0393311686
1640123083
1612348955
0813061296
0813049296
1531676200
1467131512
0306810166
0312214189
1472590015
1540236943
1467129577
1326061399
0788190385
0359647790
0789923742
1947783092
0738708615
1567184553
1707498075
1098718127
1368021425
1682557936
0316438979
1945540729
0307591557
0394703103
1718738072
0143133829
1582703051
0316383112
0316385174
0316385190
1502593920
1523697598
1688703322
1889140023
6077475955
0829750045
157731185X
1644730073
1973558718
1973729644
0062378074
057841452X
1973177048
1729813550
1612434487
1621253384
1631583913
1484927451
046500797X
1691288632
1629147702
1612431291
1481839772
1440247285
1440579776
0062089463
1940363365
1426211228
1500998672
1616088494
1612434967
1599555107
1505233100
1618686674
1704582768
B084DGF9QD
1440593345
161243438X
1580174574
1612436374
1612436722
1612436641
1612435653
1492939374
1452070652
1440318743
1612437265
161608278X
1510707840
1731101155
1482081210
1096036290
1797756966
0971381143
1692763903
144033353X
1623152585
1945410477
192645636X
B085QB9JH5
1945410493
150294894X
1603421386
0606368825
1503227456
1520871694
8409134179
161519567X
9870563457
1523205547
1507206690
1792159226
1616085800
1973817772
1505738784
1503108678
1939473934
197810202X
1939473888
1519478216
1723352691
B085R74KPV
1500153362
198025351X
198334673X
1616085592
1939473489
1519516614
1496002490
1546924329
1522819835
B0858VRXRG
1979046964
1072512084
0578489031
1543149731
1501143905
1624143369
1631583921
1706342934
149965264X
1720788057
1479255815
1939473306
1512007099
1508795762
1570673543
1945410396
B084YZL4GT
179554421X
163220634X
B084DD8YM2
1734431709
0761563679
1477663398
1732748233
1703612124
1508914648
1533000697
1982969091
0692105344
1987634535
1493023764
1945410353
1602399840
1719523142
1979415641
1505284457
B085DTB3L6
1983811106
1621453057
B084QBM71R
1673198716
0997022809
1500157244
099828713X
1411600738
1569759294
1533165939
1542715938
147679605X
1500579181
1507202342
1612432662
1661805906
1502996294
1450582230
1926456084
1497473942
1535502738
1926456041
0578486946
1537303236
1728965861
1933392452
1943721017
1793822018
107645044X
1945410302
1612434878
179507521X
1793202443
1987564340
1522729860
1681881519
1601705085
1510707417
1451690290
1503265811
B07Y1X5L3N
1948882124
1945410434
1508414262
1621253422
0399175679
1493517856
1939473365
1910780200
1523440538
1070818704
0967512395
1976170516
1634502973
1710990813
1074228766
1980391254
1530603161
1939473624
1095972715
1078103410
1656259052
1797663038
1467918644
1977023207
1440333084
0578488981
1542496608
1795603879
0997690607
1511483512
1704994675
0062857118
1503290158
0578489082
1629145653
1092280065
0071600310
1692100629
0997794186
1520510314
1694362302
B0851LLJ4K
1456521357
1983936359
1723880949
0425091724
1793933774
1493018647
1546860665
1603420355
1660695295
1579127533
1722119527
1514226308
1511974419
1092272380
1694523012
B085DRSWZZ
1073702774
1543153771
0553419986
1691766216
1092144404
1790725100
0615465064
1612434037
1518646905
1688509623
1925840530
1612437958
1530839793
1510724834
0692083464
1986151808
1704288347
171211641X
1393974392
1618687298
1505391210
0071837213
1726615324
0692544046
1798869462
1973502011
1565239954
1717865291
1070833622
1521335184
1724001612
1542996996
1973870282
0615563236
1510739718
1494479001
1548929298
1983713937
0452298121
156975599X
197973111X
1466283025
1075486874
1973162261
1796667226
1723996750
1934170097
1075985412
1939473543
1976444055
1492250805
1693857693
0578486660
1536964298
0998585335
1511556773
1512187453
1939473853
1675903999
1075497426
1939473748
1523440260
1532986084
B0848P924N
1978345550
1618687271
1071075101
1539031314
0765327252
0765376741
1463744552
1724163442
0578486997
1539462951
1947404008
1798850079
198625285X
1602397821
1793352860
1695229827
1688407367
1687689830
1703061306
1075441773
1724122673
1072700409
1511957735
1542993024
1537782649
198036057X
144023566X
0615131905
1092982450
1519064004
B07Y4LQRZ8
1539123219
1985201941
1980841322
1542773296
1973981319
1518876374
1508402094
1547056711
1616288396
1681882973
1507808909
1530756383
0985801786
1508546762
099087415X
1939473829
0615680682
1939473977
1925840697
1700978519
1082769819
0060898771
1980450900
1702099431
1721780807
1070835552
1517548721
1513262637
1513262866
147781826X
1503939790
161243598X
1980550670
1980550093
1790715040
1910780448
1514226383
1099498899
1986555216
1945410280
1089669372
1511753188
1071420763
1097240649
1070832626
1070822663
1618685716
1948035162
0692236678
1070823554
1630685895
1517442958
1976749735
0615427359
1505626005
1535428686
1795562005
1986701913
1492340626
1542861683
1545213267
197592939X
0615724329
1091293287
1544778430
1717964249
1975652045
154305966X
1093981482
1097102734
146627722X
1539790630
1079491678
1517363772
1730780075
0316557994
1544089597
1718042221
1979168008
1976412803
1093562463
1093197072
1530974402
0143124501
1530236290
1479337994
1541166701
1974383407
171777007X
0692225501
1499502494
1661260993
0307352900
1521004242
1693398885
154103063X
1546976248
0990556409
1618687336
1549792652
1625121075
1501116703
1537242253
198132447X
1977772110
1704434475
1794297219
1548582670
1451629141
0996696040
1508627509
0765376725
1980698872
1718010478
0692116516
1717495079
197310931X
1910780480
1533465681
1070365351
1944321306
1546501746
1500765376
1499601190
1525505947
1525505939
172266178X
1943544107
172680402X
1477418822
061559283X
1520189109
1532905505
1507754531
1469941554
1544267150
1079523863
1535024313
0486439917
9562914992
1092768157
1722668369
1698653638
1983204668
1725662264
1508860173
1693752417
151530180X
109893539X
1534693564
198693571X
099064135X
1502441055
1979584613
1976708435
1097152448
1086137442
1980333327
1986933717
1491296259
1973332248
1540302067
1542977053
1530704677
146639708X
1986351572
1616082615
1983278939
1980237301
1981058443
1795710020
1939473802
1943544085
1722112980
0615934781
1544256868
1978356447
1539795780
1544266413
1072928892
1535410590
1090437277
1986934381
1945410450
1718875142
1072548089
149059261X
1517370019
1547049588
1618684108
1514740559
1793847371
1502811669
1546814574
1709646764
1981000933
1533219826
1494237458
1499662491
1986963039
1727810074
0385514239
0525563709
074349346X
1982122366
0307950689
1400079144
1400079152
0525434291
0525563717
0743497465
1982122358
0307474275
0312263120
0312944926
1496406184
1496406222
1420077538
0375701877
0345806549
082341633X
0345806484
0345806492
1940026040
8408095331
6070706129
1451694156
1501131966
1611450330
1912546833
0979484138
0814345492
0814345484
082034138X
0820339814
0996201343
1250169445
8416765944
6073130104
0984686398
198056745X
1291854614
1523952067
6073165188
172910763X
1433691981
1520795807
1072728818
1981720707
8427901631
147210353X
0439591813
1454917296
086547897X
0451499026
1419735047
0789922932
1433671581
1482351986
0988633116
1494866080
8441421269
1909187909
1934938939
6073106378
1607962624
0143134779
1557833737
0399594493
1451662440
1421591308
1421591316
1421591294
1440496021
1626923345
1942788002
0525633758
1984801252
0062690914
0385348711
140195992X
0671213326
0679755330
8771320431
1946707023
151680645X
160796211X
1973216914
0976263726
1536821020
1622332520
2353894232
1521165378
1511778172
0615272819
B07C8ZPLCY
8460873005
1505866413
849398423X
107552086X
1717700020
1545289026
1692263374
1937832996
1936891166
0199764433
1787393194
178739204X
8492921064
1604251107
0311463231
6077476234
1695493826
8488017006
1604251034
6077473316
8497887948
8490746184
6070747631
B084Z11PW3
B085K5V1QW
1943165084
1943165076
0292743939
1733379827
1444707833
8175994312
1785761315
1598531069
0385508042
1250297605
1784752223
0751567329
1516801512
1517197708
1517198003
1612432735
0975309870
1880909790
9505572611
0825410967
1683830741
153542107X
1577151240
1547226765
0262536161
1933492732
0471463396
1481443259
1476714207
8493616966
162999345X
1786168944
068810990X
0156334607
0531225372
157281893X
0995157642
1560633174
006156818X
846069965X
1910403946
1463310293
073521350X
4756248756
1782211632
0553263811
0525533893
1338563815
8416867356
1338139320
1885972431
849759746X
1977717780
8490628777
1941999654
8416895864
8415098138
1641231629
1640810005
1602550700
8417114009
1539536297
1626923612
1621368513
6073152469
6073156049
6073173121
0399590501
0525564896
0307473872
9585881276
1948578085
1548138290
1539367436
160796905X
1717281281
1481051997
8494353063
1400213304
1892366622
1548778818
1594634726
1684111706
8494504231
1631422510
1620102935
849370329X
1540838854
8479539445
0692842748
081298661X
1981322434
1537613200
1937965228
1976761123
082970244X
1878823248
1878823388
8416316929
8483528908
1892764040
0692986960
154080688X
0825405114
0718036255
1519030479
0979553741
0596805527
0984380213
0470876417
1619544733
0553609416
1539328791
8427213670
8415943210
0738751871
1646115643
1582703760
0987204181
1452164347
1641524391
1623159652
157281781X
1501164767
0061742678
006075740X
1454913746
0399160280
1641524154
141970270X
1481411314
840914624X
2960133552
0465096662
9564013844
0966763610
1324005017
840817973X
1458421252
0824524799
9871587171
8417835326
0812980662
848666814X
1583335870
1584799188
014750936X
0470009799
1073647269
1119000602
006230125X
1976937175
0147514010
0147518741
037582233X
1501179403
1506713203
1720469695
1524854638
B083XVYSVD
0545162076
B083XWM3LX
1260011216
1079712348
1517221609
1689502193
6073173814
0988221845
1419740474
1719587213
164473043X
0316438960
1792133154
0393609391
6073167679
1539383202
6073141777
1455540560
0986019569
6073136773
1713213893
6070746678
1515742490
1719864993
8491759298
1515742504
0316327913
1519272367
1492757241
6074572526
0988221896
0545670314
9801801980
9706667342
1530172454
1524715212
0062970704
1689619856
034580404X
1475273495
152365127X
0738702056
132687991X
1401958036
B00ZAT776G
0671666061
1731339828
1608878457
0762464402
1433681226
0988221810
1523989874
1947588079
1484746694
9945894757
1883217172
1455530530
1429656387
0345538374
1429656395
0692113843
0062466593
1429694726
1451666446
0345472322
1644730375
1572818123
1484707230
1418597953
9945894730
9945892770
1093927720
6073173326
1537079077
1119002257
1501163566
1496188802
6073133634
1982945575
1501144324
1683835336
1449492975
1611804728
0062965891
1338606344
1338588982
1338605003
1947607804
6070759133
8445078828
151488271X
0769231829
1481431870
1556434308
0769231691
1939529824
1561700452
1566892740
1521223319
8401020697
0060951435
1401307787
0984532927
9562914283
8497887085
1684054702
8416750319
8496571939
0714862274
0142181080
1107529921
8466666494
170968707X
1451657870
1794179798
0071385649
8474329434
1950922987
1986286126
1539128490
0399234160
1791900798
1612680194
0062331450
1617740799
043963525X
1101973242
0345526554
8409033992
1499633467
1940858666
6073182406
0062363034
1933823720
0448493640
8490626057
1548339873
1785289985
125015121X
0802139868
153993165X
0345505522
0525522816
1455599514
030738599X
1633692566
0143133497
8426713823
1939563364
1119320690
6073176317
054545901X
0990458652
2330093039
0671023934
2377840485
1455584215
0140542523
8479535865
8416029067
6073122276
8479534907
9506418829
9506415676
8416895341
9506419876
950641629X
9506419337
8416240574
1602558450
6073154364
1463583974
162263120X
9506416494
6073132336
1640864164
6073119348
8416076170
9506416117
1728619777
1985847930
9506416109
1947783920
8488717717
1506511120
0829763791
8416894485
9506418659
9506417547
1416588639
0718021401
9506416168
9506417768
1326938452
0071464956
1523505745
1328505936
1534308601
191088006X
0571348890
0544228073
140003342X
145212809X
0425222896
1602558302
0062870718
1594631905
8482674366
089886769X
1534442421
148148575X
0451469437
0465093426
1936383918
0143110438
0143115510
1472958055
0064442462
8416712883
0634072498
0062407805
1502760274
1629982695
161638316X
1629988219
1949061787
1540752089
1492130842
6070745116
6073136382
0385525044
1982117524
0829767436
082975606X
0830773169
0781407273
0781414202
0718086104
1414386265
1627076565
1400316340
1717745288
1414363079
075662665X
0393292495
1546011951
1547020148
8478089470
1449492878
607315089X
1501125192
1451649851
1542045436
1338132326
0525562885
8498386942
8498386950
8498386969
8498386977
8498386985
8498387000
1683838262
0545791421
1338029991
1076159613
1698271859
0062878948
1683836227
0062374230
1538748142
0805096604
1542019508
1982137444
0062671189
1635574048
198212282X
1951627342
006294150X
1400215420
0525653562
1982148209
1542006058
1496437845
0525653570
0735219095
1503904911
1250301696
1465479031
1328745619
1569317771
1484789741
1465437878
1608875539
145212230X
1683303806
1616555920
1506701426
081099741X
1933492953
1683834895
1421500493
1452155364
0345511468
1419717936
1594749892
0062663747
1419728091
1683837835
1608878066
0062407449
1452117160
1421565978
1421505932
1506702694
0811866025
1484726782
1452156433
1535983604
1644731002
8420435503
076537997X
0718033620
1101980389
0385521715
1619614200
0545433150
0786809965
1910985953
146548535X
0446387819
1500409359
6070728734
0345452518
607313925X
153959677X
0061120669
8466342141
1790610168
8416859175
1476755744
0062233106
1542486823
0156031515
1514696886
8494316214
1586483811
1503280462
0307972143
0062439618
0890518807
1326320637
1793935335
0143115766
0062238442
3868592199
1979323267
1626925585
1626928479
1626927014
1626924678
1642751014
0062742868
1572818107
1452180067
1572819618
0451496833
0738754366
088079416X
141973914X
1452136211
1449492991
1782213473
1620556448
1501135929
1626921229
1455599484
607527491X
1580896065
0060648082
0060006935
1501191977
1936661837
189200528X
8492921161
1421522233
1480058106
1939418003
1077510187
1616953098
0763680893
0814414656
1908707119
0375815457
1338322966
B0858SLNJT
109917015X
0385336535
0967323835
1517419409
149263218X
150111543X
1087361419
0486465233
1916337309
8479538996
1599793512
0062268740
842790150X
3791386387
0804172706
1984898574
1097796221
1950758397
1585426504
1537757970
0375706682
841543149X
1885223439
0062368753
1616387548
0307889181
1512327522
6073157622
0880013346
1400096200
0060959479
0312520093
0440993717
1523506148
0761193642
0761189602
069215275X
1523500123
1948209470
1948209004
1497202426
152350448X
1098578805
1088515460
1497202264
1797512188
1940282896
173399470X
1718029462
142096691X
0762430044
006228620X
0553293362
1604070811
1090954360
0830840397
0764354434
0062698494
1533101493
150113079X
1338029371
157898971X
1401309666
0307390950
1631597698
0062418084
1641233419
0718079515
0451224159
8461628616
1541119398
1118443926
1530490758
1519272499
1500915947
1724109936
0997288701
0824835921
1599324385
1980637687
9874229322
0321605780
0807080535
1726657906
1619710293
0984475281
9562421066
0375701214
0691168385
1250076412
0998142638
1119376629
1438006942
0521004349
160945233X
1250186447
1511580569
014311526X
0553214861
1250237327
819210754X
1082185779
9687277009
1096962896
0199978468
014313566X
1524744972
1419740385
1785659464
1138428124
1717736408
1419727052
1419717804
1506710913
0786888148
0394703901
0134854101
1845532368
184022696X
1537280988
0525568069
1539081583
0954702336
1572819251
0762492791
1452176388
1401952798
1107481112
1585426474
0133991024
080215154X
0811215547
6078401416
1942788150
1626361282
0399593438
0143133144
0143111388
1718942974
1512223840
6073182872
1421561042
1421560909
8472453545
1118008189
1118907442
1502564688
1720183104
1508468850
1692443003
9877616114
1717812678
9877614405
1540809528
1432736140
9585693402
1728856272
1945876085
1507894147
1453712968
1908707135
6070747410
6070747372
6070747461
1536810975
1530406471
1987494652
846868631X
1723746355
168368981X
1878823345
0140567410
0307742350
1680432079
B0863V2K7T
6070758455
0718076370
0983490708
607317487X
1542376696
1517768128
1503953300
0385370229
1654152692
1647486440
1647486300
1647486599
1724833014
164748281X
1790773555
1647486475
1798806622
1647482941
1729813275
1950924637
1950922367
B0863TWCZ4
B084DGW9PV
1628251999
1628254149
1628254033
0988001659
1539852962
1502393468
1628253681
099090749X
038534645X
1733518215
1733518207
1932828168
1484244826
095749193X
0134084527
1646960610
1646960505
152722208X
1501147765
1260118029
1484235363
1548772534
1081873140
1733000402
1119423473
1646960629
1646960513
1604270314
1544510861
0974514047
1501124021
0787979139
1629560707
1686365403
0525573593
1699432511
1794136347
1683501640
1505259347
1118915232
150112174X
065581759X
1119438861
1717711804
0525536205
0655522069
B086PKNKN9
9492618303
1119148227
1591845947
1724652699
197403741X
1646960807
1646960491
1535575085
0995777934
099577790X
B084DGQDSQ
1654040789
1480229032
1544501102
1459695518
1076973116
1729382452
1976768551
1678477788
1521475466
1732821208
1484241630
B084P6GJ8Q
1091173265
1976828236
0385507739
1533370249
1710123699
1790225469
0062367544
198029965X
0525534407
1520488874
1719949182
1794806199
1707511365
1467581763
1717577822
0655817425
1979766851
1096784696
1732378916
1093373091
1656256800
1951754476
B084QKQKY3
1978392893
1093815353
1799093050
1729151795
1794137424
0071738274
1799094812
179909524X
B085KN3C69
1539877302
0988648369
0955683645
1698091826
1699130396
1796702757
1712268724
1951754441
B084Z4K2M1
1986620387
1796702277
1799094022
0998781509
0999476971
B0851LWCKF
1730715710
1983547891
1544938292
170301541X
1730716644
1976319188
1731065620
1729400191
1796702501
1693911191
1794137955
1544932030
197834807X
1728684684
B0841BH11D
1977522785
154994584X
0578530880
1975978218
1977522076
1077812108
0655413782
B0851M1SQ4
1484244508
1798752980
172004399X
1789950228
0991344626
1789530172
1788835530
1789615224
1838641440
1786464535
1789134528
1484255151
1788296338
1515140148
1789536707
1786465817
1785289640
B084DGPR46
1612436692
1704927803
1076009689
1785889281
3668334765
9389423597
1785886541
1466985755
1466985739
3659191841
1519791682
1980596077
1985084910
B085RV544C
1939902126
1980293074
9526868803
1076150454
3945102545
1076008577
1694837351
1076160751
1981006214
1098633806
1521420025
B083XX3PHR
1076168442
1076171842
1076154301
1076145671
1076132049
1076090486
1076083293
1076079199
1076077153
107606471X
1076019803
1076016820
1076013651
1076012086
1530833493
B084B14V4N
B0849VZBJQ
B0848QKBVP
B083XVGXZT
B083XVF2HQ
B083XVDPL1
B083XTGVSX
B083XRYCL2
1939902088
1788838106
1484254333
1785880233
1721798323
1549578561
1786461722
1788293606
1788293762
1787124924
1484249372
1789806267
1787284662
172940815X
148424978X
1532916140
1484248465
1787125769
1786465477
1789808731
1393912672
1787288900
178862288X
1788299574
1787281442
1783983280
1785882341
1090646321
1454925663
1785880810
1783285613
1783983744
1708839801
1783280891
1787280039
178398158X
1530444519
1523824700
1785884646
1785882619
1515037681
1982047976
1783288477
178439842X
1783983582
1783983566
1783984422
1782166564
1789618517
1839218851
1593278578
1647710790
024482276X
1788995570
1789615852
1789532221
1838981950
B085RNLMRF
178961290X
1789808898
1789346460
1838645357
1789800110
1783555130
1783283157
178913871X
1789956463
162705619X
1681749106
1838551212
1695352262
1788838971
1788837681
1789953294
1687159106
1789341655
1789133807
0691180571
1699920257
1922301361
153910303X
1789800269
1789955319
1789533732
1698809921
1546611215
1789808456
1788830822
108284182X
1788627067
1080945032
0996062815
1788837460
1783551712
1691372374
1689151994
1789951291
1660153492
1979451079
1788627857
1783983507
1788832922
1838648356
149055095X
1647710170
1789616727
1707498741
1789535298
1783983264
1661826687
1653039299
1794647236
1647481740
1838827544
1973108798
1788837487
B084G4NGZF
1788992512
1849510180
178953786X
1789344697
1788622014
1782164367
1788835468
1482374811
1838983996
1784396990
1076320538
178934834X
1675075107
1077579640
1838825665
1075311934
1098525728
1838987428
1788998510
1786468522
1733042687
1783983981
1783989300
9888406884
1788629876
1788835832
1785289586
178899082X
1676772944
1974577597
1086549953
1724716417
1789340748
1676467688
178995617X
167851814X
178646439X
1661846289
9389328810
1702809234
1783288396
1783980427
1789957214
1676140255
1475266413
1784393878
1787128571
1789617693
1913151131
1789950066
178328868X
1709152923
1789138906
1788999894
1728914671
1700136992
178913322X
1789135400
0359685161
1071199900
1687265704
1709888989
1786463512
1980501114
1673163866
1708413367
1326948342
1483400018
1951845137
1787285219
191336173X
1789531616
1789958091
1680921614
1693405415
1785282328
1683923537
1789959411
1719528403
1789953634
1789614678
1710263423
1702750078
165418005X
1783984988
1788294874
1784390151
1672361346
1785889737
1785282352
1728913721
1838823816
1789808812
1783285931
1652421963
1702759377
1484250826
1788293339
1784399787
1787125491
169994735X
1789532361
1789344158
1705753531
1789534208
1790905788
1789134803
0998547727
1072892189
1782161406
1944534652
1721242163
1838551964
1922300039
1922300950
1786464470
1784394750
1789955289
8192107590
1784397008
1675618070
1789952298
1687652686
1786469251
1789532027
172260025X
1788997409
1686498586
1706528779
1849694729
1838649778
151706774X
1789536308
1706456662
1708521895
1922300209
1922301248
1789801818
1077024274
1707051933
1788293592
1783989327
1783551593
1680921592
1788295269
1696532051
1670438007
1651793786
1789804744
1785884484
1787128180
1689604107
1701607352
0692366938
0996686029
1913361357
1913361349
1788299469
1784398632
1789954924
1784390348
1704442257
1693794691
1707209103
1938549856
1787129314
1783281596
1999256719
1999256735
1978170955
1789807328
1788299760
1718863144
1708258191
1694100952
1678527564
1789619637
1073175944
1707778523
165674760X
1986340872
1789530512
1709105240
1787121488
1671257901
1785889699
1785285114
1517619637
1680921649
1788290224
184719494X
178862517X
1670447200
1785889192
1709584335
0956196225
007212718X
0244790566
1795050535
1787123219
1785881388
1070156965
1784396001
1976087376
1702712796
1788833929
167214583X
1789530792
1694724921
1081172258
1674863403
1720405972
1675391459
1789131685
1541320093
1096396599
170024132X
1495480682
1782163921
1707505373
1789533589
1326140744
1789611857
1785882716
1705891942
1698969252
1540572544
1784394688
1784394513
1791573517
1999256700
1999256743
1692995707
1789348463
1793016429
1078404380
1708023062
1492325619
170496721X
170607901X
1710499087
1783553332
1729563953
148423927X
1678112267
1686500238
1974550419
1783289007
1653688084
1784398195
1702461599
1706512112
1539509664
178953397X
1703680626
1725822326
1693541378
1484238753
1983653497
1731036841
1978125143
1707911630
1789130336
1788995406
1706630069
1650440715
1675825327
1705835953
1699099936
8831322044
1709068175
1703108876
1676414150
1786464454
1612740715
1789612853
1712769944
1076939686
1787280748
1686998503
1701683520
1517091470
1787123138
1543185886
1788992369
1680921630
170777983X
1535000341
1687778728
1533287341
1093479507
3903331716
1787288676
1710673001
1517216710
1724530682
1706180624
0997326298
1542745993
1543252214
1086920325
1720854041
1546891692
1709892129
1086009908
1733042652
1099307996
1712804685
0244765227
1785882953
1718943253
1089201842
1783553219
1783553359
1782175067
1712559214
173084944X
1387379321
1974545504
154703923X
1547050241
1543055397
1546873473
1688979719
1086821599
1545541183
1696419646
1788621751
1788835360
1541334574
1680921606
1073019330
9888406906
9888406868
9388176227
1719171807
1849513465
9888406876
1534722688
1701815192
109675536X
1728913489
1097101851
1782174516
0359028926
1847197906
178528228X
1097858308
109260569X
9881443679
1703864530
1708413022
1788836529
1789534097
1083050729
1785288326
1540599566
1452179808
0679740481
8460831493
198030677X
1974704386
1545240000
1536811645
1785286927
1789535360
1582701962
1451620969
0829758895
082971684X
1404111581
1546010025
1644731665
149641375X
1476765014
956291433X
8497779096
1982240180
1982240164
8497775694
1092948384
1476764476
9562913414
9562912620
1455562866
0876124708
1079145079
8491114548
1635821266
1501157035
1951404165
1072635062
1546081887
8425355893
0718087348
187842436X
195092467X
1950922324
8497777581
6073183054
1952083044
1951266765
150653113X
1506531148
8479536225
1952083184
1951266900
6075273255
1646940423
1646940415
8498388430
1946005118
194600510X
1602557381
1646949382
1646949374
1982236159
1982236132
0061353132
6075276521
1989779506
198962605X
164694027X
1404111050
1646940466
1646940458
8492921641
1913470253
1916197469
1989779492
1989626068
6077352047
607075123X
1506531016
1506531024
1646940407
1646940393
1950855821
1950855139
1952083133
1951266854
1598429906
849111131X
849777518X
1595620265
8497776798
164694044X
1732156247
849670839X
8497772997
1506526284
1506526306
8499189377
1598429922
0270422366
0341168319
0270632565
0270632557
1463374488
146337447X
1952083141
1951266862
6070750853
6077359777
1646949307
1646949498
164694982X
8426405193
8417254838
150652771X
8430622799
848445245X
1440123616
1440123594
8497775740
6074155402
1365053601
1532712421
168411442X
839538856X
8395388551
9650060294
9563100476
0274964309
0274964295
9562914305
9877185970
9657019672
1090112866
9657019583
1393806260
8441419868
1951404564
1798093995
1951404556
1797878697
1950924904
1950922561
1950924750
1950922472
1950924653
1950922383
1950924491
1950922189
1950924459
195092212X
1950924440
1950922111
1950924424
1950922103
1950855996
1950855295
1946114227
1539893480
1647772001
1647770718
1647771986
1647770696
1647770920
1647486432
1647486297
1647484332
1950922030
1647483662
1647482704
1647482496
1727114000
1647481899
1794223118
164748152X
179783844X
1647481317
1091043876
1647481090
109381893X
164748104X
1093815825
1647480361
1647480353
164748006X
1950922731
1647431476
B084DGNGV8
164694092X
1646940911
1646940865
1646940857
164694030X
1646940296
1646940288
1646940253
1646940148
164694013X
1617648043
1617648051
1524653179
1524653195
1524620602
1524620629
150653127X
1506531288
1506528783
1506528767
1506528007
1506528023
1506522521
1506522513
1506521878
150652186X
1506520243
1506520251
150651913X
1506519121
1506517595
1506517617
150651510X
1506515096
1506512941
1506512968
1506512682
1506513069
150651040X
1506510396
1506506615
1506509134
1506504256
1506504264
1506503535
1506503551
1506501621
1506501613
1506501117
1506501125
1498402186
1498402178
1490819320
1490819304
1479760382
1479760374
1468585371
1502888408
1466947772
1466947756
1463397674
1463397666
1463396457
1463396449
146339408X
1463394373
1463388780
1506500153
1506500137
150439349X
1504393473
1499078323
1499078331
1496920325
1496920333
1491724641
1491724633
1490759719
1490759697
1490714049
1490714065
1477299548
147729953X
1463399170
1463399162
1463397518
146339750X
1463396414
1463396430
1463396252
1463396244
1463395728
1463395736
1463394497
1463394489
1463394403
146339439X
1463394322
1463394314
1463393490
1463393482
1364319403
1367826721
1326994522
1326810111
1326783084
132673461X
1326445227
132628570X
1512229288
1312554479
1304649334
1300716320
151889884X
125787571X
0997710136
0825412439
0557015596
1435756088
0464315751
0464296277
0464282411
0464219663
1455504351
1792138849
9506412529
1701537710
1684111714
1545451931
0931188261
1478750790
1097311759
1634931629
B084QLXH3B
8490705941
1602552517
1951181018
0692940707
1941448445
1941448518
1099694248
1720298076
1673585108
9506416052
1466380004
1976381223
109668604X
1707092168
8483565161
1416537295
1729304338
1733092382
1705472931
1693533650
1654627917
1629670588
1089685491
9871022298
9688608548
9871462417
8436821998
8436820835
1951845234
1792062540
1718161425
1711348880
1096664194
1096795574
166018844X
6075274952
1695440730
1616388137
1947193244
1691177822
1707419396
1455578428
1548732532
1792968124
1096261758
1718711395
1984063081
1973357232
1094881848
1723957941
1096666316
6070745000
1989744249
1989744222
1672834309
1393566537
1951103572
1688807837
165923008X
6073157983
194199900X
1790784646
8401018633
1795601566
1641233648
1609418328
1099050626
8469729322
1949061051
1945540044
6070400445
1945540788
6070750020
8416076472
1534806865
8425354501
6077471488
0525566872
0935111751
8415849192
1937985016
1937985172
1937985164
1679957015
1951083806
1463314205
8418121076
1675947503
1533317577
153003678X
607415838X
1724449540
1530916070
0970188129
0648152235
0648152219
0648152200
1707291802
6075277307
607527264X
1985841355
8492452382
1951595963
8403516193
8415870094
8479537329
0714865125
1692398911
109642519X
8497775872
1519795432
1099042585
1999494466
1546645322
849735690X
1732156220
1523815779
9962812216
9945918389
3903331988
3903331953
1981039023
195126679X
1952083079
1675982309
1647431468
1096697351
1078026599
1673733174
1673730515
1938945301
8497775864
1938945336
9706433481
9684034725
8497774558
849111517X
8491111840
8436817206
8403515065
3903331902
3903331937
1989808824
1989808816
1987422171
1978161093
1978065418
1976583101
1951266935
1952083214
1951266846
1952083125
1938945328
193894531X
1796202053
1796200360
1794422234
1792748744
1773800345
1773800337
1730747922
1726800148
1724398253
1724395394
1687306095
1684540933
1674414315
1640864520
1536992909
1535509651
1535393645
1535393580
1535393572
1534992723
1534992588
1534992499
1534967796
1534967648
1534967486
1534945032
1534944818
1534944621
1533456909
1530302560
1530302463
1522915192
1522905871
1522892249
1522890289
1522873880
152287268X
1522841652
1522841431
152279199X
1519670885
1519670753
1519657781
1519657501
1519657218
1519656599
151936069X
1518694020
1517472792
1517469937
1512386812
1511855134
1502864827
1494396270
1463325827
1097770109
1097220893
1088897797
1088417094
1077354908
1072062062
1072046725
1071113240
1071113224
9801803509
0881139238
1795375051
8417664335
9877185741
6075273182
8491113681
1418597821
1983220108
1708820760
1950922251
1950924572
1505502179
194906137X
8497773012
1076557112
1974068749
6074536775
1091567611
1707009465
6075277676
6073174039
B0858WJW5Q
9876092529
1724888560
1641234571
8497771753
1577491327
107927894X
6077352810
1092197184
1660883458
1511858745
1795779276
8417338225
1503364011
1719915318
8409162199
8409160315
8409162180
849917552X
1085918564
6072915108
8497542479
1077158270
1720075441
0789923548
0789922541
1706234066
6073127235
1951595440
1675188661
1074992210
8425356180
1707731667
6078237586
1695060059
1792888317
1089186045
1732083282
9876095404
1686780648
1719977755
1698486405
1718140568
8494131613
1092870075
1794203281
1098941071
1090616457
1980301263
1951725263
1951725115
1951266684
195126696X
1798850605
1790723221
1790648203
173151798X
173076133X
1729420249
1723758450
1720000808
1719840415
1712169718
1709315695
1698931654
1697572030
169501393X
1679344684
1678140015
1654929530
1654929093
1650232101
1648660274
1648660371
1630506192
1549885197
1537361031
1537309560
1515023729
1514276852
1511558911
1502802422
1492907537
1450545513
1091433909
1091090904
1089543859
1086068343
1086005295
1080529543
1070108782
0994072511
0718098714
1644730529
1947783408
6073157991
6073158009
6075272275
8466337539
8478085890
8499086748
1072800764
8499087000
1643341340
1708958576
1793920036
8416579083
1798714299
1533397627
1593880804
8499174418
1635820480
1506500404
1717924689
1981069984
1088781357
0446693650
8416233985
1945894040
1705482619
8417030409
1731586574
030745553X
1463353553
0914829912
0061661260
099159634X
1463336489
1463336462
1653840773
179654695X
6073149352
1076676472
8479535393
8497776887
8497777050
0615989799
1494783738
1608685322
167571486X
1542561760
1683689755
1096409526
1080769358
1640861866
1086908783
1978416512
1973564084
0983918619
172518219X
8441405018
6075290281
1098924088
807772387X
1480249343
9962127246
0307454576
1717964389
1939410010
8478087206
B084Q9517K
1453747389
0996048510
8416579016
0804169659
1507627378
1084193728
1096233118
1675998833
1675681902
1675845557
1438252528
6073168926
168819343X
1983219770
9584630881
189302024X
0984683712
1733208003
9688609897
8497771222
1653221003
1677372613
1979822093
8497771982
1090116950
848622103X
1700933272
1720861307
1514176165
179188993X
1675632073
9076288461
8416233810
1073888703
8479537728
1095829181
8077723314
1695794532
8478087303
8472456609
8499172563
0972957235
0985625635
169522096X
1731294476
6079346117
1490715584
1729307507
8493931187
1692363751
1935492748
1893020495
1075654866
9562910709
1683688554
1498424295
8478086714
1985408155
1981038639
197694841X
1976796229
1947118951
1726652416
1706811187
1695488415
1695486137
1675704503
1675166420
1650410042
1546780416
1521594708
1519305214
1456504983
1452847517
1098880099
1098760506
1097304736
1096184028
1092540695
1091282684
1091190739
1089381646
1075632668
0988602539
0692189726
1466324546
1986730115
9888412426
0972957200
847953687X
847720876X
1719997012
1718088612
1717481825
1549981188
1463363044
1463363028
098595342X
0972957243
9995954060
9878615901
9685270937
9681328353
9076288100
8499175473
8499174019
8483523507
8478087257
8469740083
841809852X
8416233330
8409180286
6079550571
6079550555
6074533237
6074525331
1984533886
1979767734
1977205410
1946035939
1937217000
1893020509
1796825727
1796450707
1795278005
1792755899
1791577148
1790234875
1790108314
1730970176
1729043704
1726652408
1723752223
172003009X
171784085X
1705407811
1700184237
1698285515
1686956827
1684542138
1677992417
1677397993
1675699054
1661260691
1657668355
1652500650
1650839324
1617644781
1617644765
1549921517
1545529302
1545485941
1542831229
153778496X
1534642811
1533524246
1533453977
1532889593
1530374405
1530263840
1524513067
152364463X
1523432780
1522893601
1520627971
1519150113
151913245X
1519100760
151742268X
1512370223
1507857500
1506525113
1506525105
150652415X
1506524168
1506524095
1506524087
1506521983
1506521541
1506514952
150651491X
1506513476
1506513484
1506509940
1506509959
1506508944
1506508928
1506507859
1506507603
1506502954
1506502962
1506501680
1506501664
1500836079
1494897814
1482044498
1481296868
1478770031
1478175842
147814856X
1477621695
1477489525
147592951X
1475178239
1475087969
1463391064
1463391072
1463384262
1463384254
1463381557
1463381565
146335651X
1463356501
1463353499
1463353502
1463340168
1463329016
1463314965
1463309635
1463312393
146330305X
1453898883
1425760996
1450513204
143639788X
1271577062
1178582221
1093985100
1092759212
1091049815
1089584172
108708816X
1083091654
1079109447
1078106339
1077520204
1077302673
1072551152
0999601008
0999128132
0989485412
0989128652
098787621X
0985432039
0983260885
0979395879
0977789969
0977789926
0977789918
0972957227
0970948581
064855273X
0228214130
0228213614
8491110194
1607967383
607073842X
6073187351
149430953X
6077473944
1682122972
1607964163
6075278346
1546010238
0881135887
1607967782
6073117191
1546035931
6077472719
1542869013
8499083609
1607961989
1401901778
849777325X
8466332766
0882893238
8492452730
1414319800
6073167326
607318364X
1643344390
0062938312
164123010X
1465471758
1949061728
8479539674
1641232595
6078406027
1561704725
8499083250
1634930363
1644731177
9562913538
1455554421
1644731495
078992451X
088113788X
8497772741
1542517605
8499083595
1607962101
6074532281
1598209787
6073166699
607074330X
8416736197
8499083900
1455537462
1951595432
1607964333
1684116457
0829751513
1074017811
6073183976
6073178328
6070763521
1951595610
1535978694
1533394121
1452805938
108889917X
1521478007
6070739310
1684111048
1094990558
6077352217
0881137596
0981617085
1641233273
607318557X
1951595564
1455578401
1682121054
1540845060
1727146492
1536932639
0957205694
1607384159
1072957167
0718001516
147835464X
6077359491
1791885144
0718082095
6077472050
1492269697
1693650347
107012138X
1931059349
1729343910
0399590765
1543239439
1612447732
9945807323
1986354563
1707932018
6073171390
0451236513
0307390810
8497775112
6074531145
6077476323
6073184506
1989814840
1989814824
1989814808
1989805027
1986097730
1951266781
1952083060
1951103564
1087409322
1439138648
8409154498
0829758747
6073181574
1501198963
1646940431
1634930657
8497771192
1706825943
1723943975
1403170037
0989260437
172412904X
1922273155
1640863591
1463339496
146333950X
1951725050
6077357847
8416867488
1502498049
8416012369
6070754336
6070727193
6073134460
6073178239
8479537841
1403151997
0789923475
1949061132
987718575X
6075273611
0451226089
607748086X
8478088024
6074003823
1981949496
6073165935
6070763653
0578587610
1508673462
8499884563
1439110069
1403152144
970777228X
0998577758
848356923X
6070746961
1599700670
6070751272
1494783223
9707772271
8417030379
1620556278
607317540X
6070751434
1516800540
1082129909
1496157052
0789924501
1661649963
6074525358
1728976405
8416233063
8468655651
1545678618
6074003831
8415139780
1607962934
6073161956
8412086236
8479538449
1500925497
1515037568
1652020845
2808003498
9707774762
1725860295
1951725034
8483569868
1720107904
1712006371
1539176312
8416233721
841561831X
1974370275
8416233578
1796420441
6074009511
0892969717
8479539682
8497777220
1499603495
1696094194
1733028927
198331143X
1506518044
0307279537
0718087356
1983635960
098404308X
1517398401
8479539941
6074003459
1532975937
1499532172
0991141504
8416720797
6078614886
6073175159
1951725085
1951266889
1952083168
1951266838
1952083117
1720019053
1707725586
1699187487
1687096252
1681653265
1630417394
1549850733
1549561898
1547245093
1539826252
1518671241
1517500125
1517472857
1099365295
1094912883
1094911828
1943361436
8497776925
8496746135
847953804X
8415870396
6074007632
1403151695
8425355737
1976401437
1936514605
1798136473
1720806241
1512037028
0984500812
9709327208
8893987295
8499189113
8499189105
849917390X
8497776879
8497776267
8497776194
8497771966
8492452765
848356839X
848356775X
8483565978
8483565048
8479535261
8478085416
8418121114
8416100225
8409159988
8409159546
8409157004
8409140047
8409047330
8409024411
8409021692
8077723802
6079346095
6078303848
6074534489
6070704207
2955282723
198989111X
1989891101
198989108X
1989891071
1989891063
1989891055
1989891039
1989891012
1989808697
1989808689
1989808670
1989808662
1989808646
1989808638
1989808611
198980859X
1989808581
1989808573
1989808565
1989808557
1989749992
1980808929
1980467129
1951725719
1951725700
1951725646
195172528X
1951725166
1951725093
1951725042
1951266706
1941435009
1925276023
1798408171
1797680528
179767613X
1793993335
1731584326
1730955355
1725822555
1722769335
1721521569
1720774455
1719479763
1719211280
1712539620
1712215922
1681650991
1672879515
1612447120
154326137X
1540334791
1539503305
1539052966
1535125802
1532928130
1530150922
1523226609
1523212934
1514390736
1512205591
150650549X
1506505503
1504335635
1503559351
1500239054
1496136411
1496045327
1495298906
1492255777
1482781158
1478156228
1463365411
1463340680
1463340664
1452500096
1452500126
1448642108
1441437584
1438235178
141961276X
1076133002
0991457307
0990453715
0983720770
0982794444
0692343679
1635894123
8492921412
1073103315
9876095870
1492720429
1549776053
163589512X
1519006799
1635893860
1981652361
1973416395
1095256033
1673588026
8416720487
6074530645
1796209023
1774350335
1697547168
1076875084
1073387526
1635895278
1635894271
163589381X
1635893569
8492452552
8483561654
8483561212
8416624860
8409172399
1989853994
1989853986
1989853978
198985396X
1989853951
1989853943
1989853935
1989853927
1989853919
1979661243
1979660824
1979462925
1979462771
1951266730
195208301X
1951266692
1791765742
1712107046
1711513091
1711394874
6073135629
165069718X
9871260067
1545510849
193433619X
6077627259
1514764245
1981999345
195092226X
1950924564
1973407000
1650229577
1087277671
1723736740
1728739152
1702084957
078992191X
1400219981
1692738879
0692784985
9878632466
1791763197
1983288519
1400213576
1708723986
1093520647
1073641570
B084Z4HQ3F
1674559879
1503327337
1080822305
1641233133
1951181034
1951181115
1500815969
1659695430
1521216452
1794365397
1950922995
1072539993
1671297903
1792033311
1709430478
1546868062
1690017864
1798677938
151866170X
9657775515
8416622035
6075278664
1951266803
1952083087
179798246X
1717824897
1698819978
169342858X
1679042610
1640864938
1514795353
1097990133
1090733151
1072752530
1099749190
1989853285
1989853196
1989853188
1989744370
1989744346
1989744311
198974429X
1989744273
1989744265
1989744257
1978085249
195126682X
1951266986
1950924319
1647480566
1950922766
1647480086
1795002328
1793476276
179269167X
1723969427
1712360817
168976743X
1657705072
1533467773
1511952504
1095744852
1094712949
1093374799
1072694212
099701668X
0996106723
099359476X
1790782333
0984683771
1951266897
1952083176
1703447948
1711030104
8479539054
8416622434
1689020113
1088551238
0738710768
6073156391
1641233397
0825416027
1773800329
8491110658
0684815532
8497772644
1075172136
1533444501
1910291323
8478087508
8499884903
6075275622
6070745213
1530116449
1937985121
8478088970
0825416043
153905473X
8478085351
0966583280
8477205450
1985712180
6073171862
1937985024
849777809X
1540696359
8416720525
1725654911
1530267277
8472455467
1937985113
1620556235
1890026069
9589398952
9972943232
1728786282
1980674337
0228214610
0228210895
9706432698
1503092488
1533575231
0228213894
9876344153
1913593169
1913470466
1774350548
1774350491
1720155887
1694773760
1650206356
1506518982
1506518966
1478315628
1093605723
9688607576
1979952949
1534977465
9870004032
970643769X
9706433295
8496423085
848076998X
848019877X
848019572X
8480192917
8479536535
8478089691
8477206910
8403096135
1989853900
1989853889
1989853870
1989853838
198985382X
1989853811
1989853757
1989853749
1989853730
1989853722
1989853714
1989808514
1989808484
1989808433
1989808425
1989808417
1989808409
1989808379
1989808360
1989808352
1988245885
1945888490
1790324874
1729809960
1729116329
1728727685
1723947555
1657998568
1657990303
1647770688
1647771978
1645092100
1645092097
1645090760
1645090302
1640015426
1602556245
1539817598
153511889X
153485293X
1533496994
1533494169
1533479801
1533461317
1533461252
8365560658
1533442827
1530916089
1530302870
152285360X
1514303884
150652172X
1502593998
1502429918
1093961090
1088888283
0228217202
0228217121
0228216850
0228216818
022821677X
0228216613
0228216214
0228216176
0228216133
0228215099
0228214939
0228214696
0228214335
0228214254
0228214211
0228213975
0228213770
0228213657
0228212332
0228212170
022821209X
0228212057
0228212014
0228211972
0228211859
0228211816
0228211778
0228211417
0228211379
0228210135
0228210097
0228210054
0228210011
0228209978
0228209935
0228209897
0228209846
071809719X
1634930606
1401922724
B083XW677P
8491111980
9876096680
9876094874
1702094197
1640010645
1074514939
6077478512
6073142544
1489588256
1725037386
1718630573
849777745X
1976986451
1514751321
1981273263
1981838376
1981212299
1981129065
1979944806
1951725697
1088893481
6073140622
0525435824
170038063X
6070734130
6073183550
1691055581
1501120190
0529120100
1070821950
6070755391
172333541X
1731391544
1888141956
1689241195
0829720340
1561230405
8478083685
1482000105
1937217124
1656631113
1482378930
9589398901
1878321315
1532922825
0989920801
8433963503
841689468X
8416579237
6074009740
1982987979
1790717523
1733123261
1731360509
1728706602
1720113025
1717850448
1717736122
1674460562
1640863354
1561231762
1546506683
1545604428
1533461341
1523424958
1517421403
1537493000
1577311531
9870525989
8497771796
1973887878
8478084266
1795085991
1534627952
1977092624
1728841712
1708455973
1706773307
8497778162
2322165425
1989853315
1989853307
1989853293
1989853269
1989853250
1989853242
1989853234
1989853226
1989853218
198985320X
1989744389
1989744362
1989744354
1989744338
1989744303
1989744281
1520200129
1495905144
1641233605
1706233957
1941999085
1705540716
1706233930
0789924641
173460350X
1073744795
1726382982
9706275991
1521398771
1071070193
1658729773
1704809517
1672374308
1706454244
1721900276
1705540570
0692918671
1074530349
1720444889
1720670927
179291461X
1695146077
1518602258
1093373644
1790722810
1719906572
9876094424
9501735516
8497775015
1986789640
198575990X
1983301450
1977762360
179083130X
1790830346
1790774624
171809440X
1717917534
1717905404
1706478178
1706478143
1706478135
1706477996
1706477961
1706477937
1706477864
1706477791
170646827X
1706468229
1706468202
1706468180
170646813X
1706468121
1706468091
1706468024
1706467990
1706467931
1706454805
1706454783
1706454767
1706454686
170645466X
1706454635
1706454260
1706454201
1706454198
1706448104
1706237138
170623712X
1706237111
1706237103
170623709X
1706237073
1706237065
1706237057
1706237049
1706237030
1706237014
1706236999
1706234090
1706234074
1706234058
1521469172
1640864008
607316288X
607452517X
1644730146
9688606960
6079472015
0989475131
1707714541
6070739434
1977051030
1732830347
1539858057
1463546130
1791771122
1947369024
6073155921
847720862X
1643341200
9706277773
1090307209
1086061128
1079913262
0359025005
6077470244
0881133205
6073187270
6073150725
0789924196
1614359989
607316601X
0307947831
6073162928
6073187297
1792765193
1976160537
1941999557
6073163460
0789924714
1975651081
0789922290
1502788659
6073140282
0789917092
078991686X
1598426052
8491110933
078992465X
6073172656
198756085X
1534876790
8851965005
1643521128
8479539348
1981365109
6073170122
1687714215
0881138290
1539784452
6073153058
1088467768
1088467709
6079472236
1094744700
0060748249
B084DFY247
1537574329
167222599X
108846775X
1687714118
1089538235
151164995X
1686189222
0984189769
171208383X
1682122417
6073164440
0473453932
1640864369
1077490194
1687714231
1088952941
1682121720
0881131016
1707529280
1672304695
1523973463
1720734143
1387922815
8409104601
1985119358
1976161088
1545650810
1530510775
1699439486
1071307037
1790355265
1720723931
8496632466
1547291265
1089214405
0984562222
1726798984
1693919435
1088498353
1329351711
1719839689
1502781549
1608626636
1545227918
1500395668
1463320108
0984800018
9873345086
9706660984
6057861558
8479538147
6077357472
1980293309
1979830371
0270192794
1952328233
1952328225
1937217183
1798402793
1698596464
1695482115
1691513229
1537668684
1523692413
1387041703
127502498X
0341037923
1271317788
034161694X
1178845443
1371113386
109277825X
0359631568
8497774752
0743201167
8478087621
6079346850
1939457408
1728986311
9974942373
9962812224
9871081510
9801285826
9706272267
8479535474
8478085173
8460870936
6074524912
6074296448
1989853277
8416720614
8441435049
1984976494
1984939351
1984217747
1984182129
1984113429
1983428531
1979981906
1979981167
1979980446
1977543421
1975704932
1973391783
1950543803
1913597164
1796347973
1795288302
1732347417
1728762324
1724070339
1721675280
1718179928
1718119216
171810927X
1717881203
1709432640
1700471430
1697847447
1687714290
1687714274
168771424X
1687714142
1686194943
168618915X
168165461X
1681651076
1679132962
167357260X
1670268993
1660720958
1660710790
1659504457
1654121304
1653829702
1653828617
1653827653
1653825871
1653824433
1653821728
165382011X
165381960X
1653794682
1653787058
1653377488
1653376724
1653375914
1653370513
1653369418
1653366826
1653363592
1653361816
1653351667
164694089X
1646940903
1602556342
1547582189
1546662510
1545329451
1542897378
1542344689
1541377702
1539950220
1539505316
1535265515
1534609962
153359323X
1533499705
3849526895
1530961815
1530913640
1523647620
1523476370
1522753133
1519786050
1519759568
1518765793
151686171X
1515162303
1508713065
1508485054
1508452954
0345805305
1634932838
6074525706
1948489589
150089351X
841725417X
198974432X
8497775228
0894860992
0981925553
1989853862
1989808395
1500356298
1640863656
958900752X
1687714126
1944515410
1495011275
1984898558
1947570129
1442416890
1442416866
1442403543
1416914307
1416914293
194778370X
1539140334
1481496875
0060530944
1101911611
1477552405
1401294251
0940985578
1644730847
0615177093
1708041982
1508651884
8416344078
0143129252
0793525446
0692452745
0692168729
0743222989
1626860998
0140557768
0812812603
145161795X
048648856X
1796534994
0062888439
6073177224
0984436227
1079456082
107945103X
9871462220
0991077709
0671701355
1684117240
0061655554
0316015482
8498725089
0811226158
0960695400
0984686363
1401912273
0811216020
1250199816
1611457386
1077634943
0684800012
0142437336
081663808X
8415824262
1933492961
1933492589
1933492023
1936096862
1402784775
0486404730
1633226778
1077808364
1523501154
0486420604
0898986966
132645384X
1250123828
1441322019
0691020280
1502709503
099895800X
1624650368
0679752684
1790180082
6073173237
1365203417
1492600970
157281845X
0738736627
0765367351
1608874443
1772940488
1781166536
1099030544
1941538231
1484774191
1612549209
0446576220
0671009958
1492181056
1681881810
0064407675
149263221X
1250307503
1609581830
1501140094
1481818295
0988905590
0553805444
8416895473
1629142077
1633538265
0634069926
1492728152
1401954405
0740797719
0740785508
0825416132
1426335202
1933032839
0451529014
1632172895
0307741338
841672007X
8416690235
1986179729
0887532799
1583944974
0802134521
1552093263
0941188787
0544272994
0525467262
0071808019
0143125834
0143131583
1683258266
1075715210
1532744811
1989123074
1999020812
9688602701
1583333789
038554376X
1982137975
0764235435
0385545932
0525539522
0525658416
1728234247
0399179593
1401294960
0525654291
0316556327
0316423327
0593192575
1451639619
1631619985
1544512279
0062803832
1981089152
0735211299
1878424319
1328683788
1981198938
0062917609
1328994961
0060933461
0553281097
1455570249
159285849X
0762447699
1592408419
081298160X
1976436184
0785833528
1401953115
1519052278
1442973587
1492722669
1577311523
0761168257
0830846190
0979019710
081298580X
1641520922
0761189513
0761193634
1731552459
006295380X
0553384619
1442416920
1591845572
1572245379
1633691160
031646581X
0399177574
0968772595
1976870445
1797416391
8490437963
1450414826
6070746473
398152554X
1543018327
0359113214
1519030541
0825416728
9945169793
0210720123
061567805X
1426909268
1787392406
1476704988
0451473426
1718638787
1097635058
1986123774
1981120777
0399585575
1091522928
1539438120
1539078116
1609803515
8466660461
1549558188
0071383301
0736092269
1559365609
1626346291
0786966114
0804139296
1452105448
1792762941
1492777862
1250135028
1250146070
1250049555
1925017982
6073164602
1789090148
0425212181
1726759067
1841658049
0679762884
1338323024
6070759389
0316420239
1980923272
1523397276
1508868808
1517058759
1467941654
8482679627
6070740017
0825411238
0743297172
0062457713
162672363X
1101970987
0525536221
1422162672
143911000X
0060538260
1484710800
1580626955
0553293400
0769237754
8497774698
0883683997
6073141599
0825412293
0062303791
1400212324
1973517906
0979076692
1544090676
1090782578
1250183863
1934429821
1101966955
1980587329
1976759870
8417968938
1549624741
1492143464
1535585390
B085HLCMKY
B085HSB2GX
B085HLBQPS
1785995103
0141336536
0142424277
0736438785
0141341734
0393072193
1572816392
1641230592
8491052216
1980462410
198481642X
6073189486
0320093824
8492921749
0738713848
1779501110
014055758X
0071444041
0881138681
1621361683
1338298488
8417305416
1338139304
1338576011
1338576038
133857602X
6070762622
1713221225
1539942228
1912242249
1621384659
0425284700
038549422X
1732196508
8416880638
8491469400
8497938259
9509051845
8416507074
8466662030
0812018281
0241344859
0394585739
1798967650
8494773410
9872123802
9588296188
8420678198
0241320607
8445004921
8417347038
8416476462
8408176595
8478886753
8415932235
8401336368
0261102001
0356026256
8420688207
8445003933
8498729599
8435020770
0553391488
8416543852
0871404532
8445005138
8497594320
8408048546
8416880417
8491046879
1603803408
8417228225
8401335914
8416476004
8491810757
0593157710
0385388896
8445004840
8497596676
8435005674
8415685270
145169590X
8416880603
8440647352
8441534659
8467919450
1602554471
8445070649
8445072455
8435020800
8478888268
9685270880
8416476985
8445073095
8416693900
8497771613
8416543356
8491461779
1680680722
8401343453
8491460683
8490180547
8416636133
8498410053
8435020851
8497599292
8415993005
8420406333
8416816689
8490321280
1404112030
1479442828
8448034597
0312890761
8415608365
841700100X
8416921199
9707805242
8416476594
8494597434
841694217X
8466658033
8466658882
8435020789
8466658068
8434213931
8497597702
8416543992
8492520280
8467871733
8426416675
8439734026
6073187475
818801804X
1418598682
1782264426
841688367X
8490321272
8403519516
8499086977
8425356199
8417664076
8466344187
8418149043
841338186X
8491113800
9506419752
8403519583
8417430067
840352000X
8494923471
8494923420
8494923404
8491113959
8418121092
8418121068
8418098724
8418098279
8418098082
8418098007
8416076278
8417664521
8494521381
8416895880
841769241X
8416030138
8499175031
849908267X
8499885152
8497633555
8497354036
8491115161
8480198141
844143087X
8493978728
8436820924
8425419409
9506417652
9506416877
8490708304
8425357195
8412062736
8416439419
9506418942
8477209065
0615991424
8448847903
142314189X
1401284388
1683834372
1620105918
723257639
1501163566
786966629
61119067
141973430X
1401295703
1779501005
1506714854
307593525
148146924X
1788840720
1506710115
067944551X
1442489030
1421542420
1560977744
316347000
395489326
1536203599
1423151054
8441437629
0374155011
1982148039
1982113405
0525520597
1534480536
0062868934
0316420042
0385546270
1400219493
1982143347
052552262X
0316539554
0345804341
0316477540
0525658696
0525655972
0399178953
1546085041
0451490886
1728215722
0593100824
0063022605
0778361004
1250151368
052562094X
1982143525
0593188063
1092909680
1796514276
1726382079
B0851MJGH5
1728993563
B0851MHVT3
1097139085
1707532044
1675589488
1727019717
B084DT3HHF
B085KJS9VF
0811214982
1497203228
1655974912
B083XVZ4RK
1652766375
1081306548
1706255543
1659627788
1080882812
108989578X
1656646587
1695637984
1678572934
B084B35TG2
B084B14V4V
B0849ZVLJZ
B0849Z7TRV
B0849Z3K2Y
B0849Z2TN6
B0849YXQCZ
B0849YXCNH
B0849YXCHQ
B0849YRZV5
B0849YRZBY
B0849YRZ74
B0849Y7YTT
B0849Y7YDZ
B0849Y7YBM
B0849XTM7Y
B0849XTLP2
B0849XBSXR
B0849WSKGN
B0849WSK2X
B0849WSJXK
B0849WSJWZ
B0849WKHMP
B0849WKHLS
B0849W6GYK
B0849VZC6L
B0849VDTDJ
B0849V5L66
B0849V5738
B0849V56WD
B0849TVRZF
B0849TVQJC
B0849TKJPD
B0849T1LY1
B0849T1L7N
B0849T1L71
B0849RWXGY
B0849RWX86
B0849RWX1Q
B0849J6QZ8
B0849HM3NX
B0848W92X8
B0848W92QG
B0848VD532
B0848TNTWH
B0848TNTPT
B0848TNTLD
B0848T97CY
B0848T33M5
B0848T33BK
B0848T338T
B0848T1MXH
B0848T1MNC
B0848T1MJ8
B0848SW1F2
B0848SV8X9
B0848SV8R2
B0848SV8QV
B0848SV8MX
B0848SNX9Z
B0848SJL4T
B0848RRBK4
B0848RB8RV
B0848RB8QD
B0848RB8PC
B0848R9WQC
B0848R4Y96
B0848R4Y3J
B0848R4Y37
B0848R4XYV
B0848QR1X4
B0848QQS8M
B0848QQS4F
B0848QKBZM
B0848QHLCS
B0848QHL9B
B0848Q9VBH
B0848P91W5
B0848P91T1
B0848P8YH8
B0848P8YH7
B0848P8YCZ
B0848P32BD
B0848P328Z
B0848NT15W
B0848NJS3R
B0848NJRPV
B0848N9LH2
B0848N9LFP
B0848BP3HV
B0848BP382
B0848B3JDC
B0848B3J96
1678580929
B0858VP9TN
B085R8N7P1
B085R8LXVY
B085R7F67R
B085R7DP4J
B085R72C6S
B085R8M8CS
B085R82G12
B085R6QXW6
1648267033
B0851MXJQR
B085R85ZMR
1095605119
1657802655
1545261261
1659889219
1659889766
152087135X
1653393580
1653378840
1452159254
1624650392
0374261598
0765313545
1405928514
1681144220
0007528418
B0763NPXJG
B0763PYVQN
B0763PRKQV
B0763MY7BF
B0763PDXWV
B0763NF1XR
B010NT58Z4
B07S9GWHB8
B07KTQ85RT
1169420044
1165325578
1742378250
1502652854
1612434517
162825419X
1628254238
162825422X
1628254157
1628254130
1628254092
1628254076
1628254084
1628254114
1781809968