2000006465404070
2000006465002204
2000006464981528
2000006464967362
2000006464968122
2000006457061472
2000006442121644
2000006440989340
2000006436254046
2000006433520516
2000006428698878
2000006428685798
2000006428333948
2000006428252966
2000006427159712
2000004811561285
2000006426473688
2000006424682654
2000006423871514
2000006423870342
2000006420818226
2000006419454948
2000006419426574
2000006414953840
2000006414916628
2000006414845914
2000006411634582
2000006414297456
2000006411347416
2000006411329440
2000006411328770
2000006409871180
2000006400113094
2000006395301044
2000006381584908
2000004788904831
2000004783644013
2000006369139246
2000006363669418
2000006350907606
2000006348176696
2000006347314360
2000006347221290
2000006344683566